landuse,atdep,fert,manure,legume,uptake,cropcover
alf,0.2160,0.000,0.0500,0.000,0.000,-0.2660
cpd,0.1580,0.0740,0.000,0.000,0.000,-0.3480
for,0.0570,0.000,0.000,0.000,0.000,
hom,0.3890,0.3200,0.000,0.3700,-0.1790,-0.2420
hwm,0.3350,0.2900,0.1830,0.3100,-0.0560,-0.4030
hyo,0.2770,0.000,0.000,0.000,0.0003,-0.0050
npd,0.1400,0.0730,0.000,0.000,0.000,-0.3800
pas,0.1430,0.0550,0.0550,0.000,0.000,-0.5410
rpd,0.1390,0.0770,0.000,0.000,0.000,-0.3740
cid,0.6110,0.000,0.000,0.000,0.000,
nid,0.6350,0.000,0.000,0.000,0.000,
rid,0.6300,0.000,0.000,0.000,0.000,
