cell      %          countysegme%          countysegme%          countysegme%          countysegme
   2106  1 1.00000000     0 4820
  35072  1 1.00000000     0 6030
  46024  2 1.00000000 51049 7100 1.00000000 51075 7100
  52021  1 1.00000000     0 7480
  54040  3 1.00000000 51101 6720 1.00000000 51085 6720 1.00000000 51033 6720
  58138  1 1.00000000     0 4650
  60044  4 1.00000000 51033 6370 1.00000000 51097 6370 1.00000000 51101 6430 1.00000000 51033 6430
 100215  3 1.00000000 24025 3808 1.00000000 24017 3808 1.00000000 24013 3808
 104252  1 0.33333333     0 2720
 104253  1 0.33333333     0 2720
 104254  1 0.33333333     0 2720
 178169  1 1.00000000     0 3980
