cell      %          countysegme%          countysegme%          countysegme%          countysegme
   2106  4 0.20000000 51013 4910 0.16666667 11001 4910 1.00000000 51059 4910 0.00000000     0 4820
   2111  3 1.00000000     0 4510 0.06250000 24033 4810 1.00000000     0 4540
   3106  2 0.20000000 51013 4910 0.16666667 11001 4910
   3111  2 0.12500000 11001 4810 0.93750000 24033 4810
   4106  1 0.20000000 51013 4910
   4107  1 0.16666667 11001 4910
   4108  1 0.16666667 11001 4910
   4111  1 0.12500000 11001 4810
   5106  1 0.20000000 51013 4910
   5108  1 0.16666667 11001 4910
   5111  1 0.12500000 11001 4810
   6106  1 0.20000000 51013 4910
   6108  1 0.16666667 11001 4910
   6111  1 0.12500000 11001 4810
   7106  1 0.16666667 51013 4940
   7108  1 1.00000000     0 4780
   7111  1 0.12500000 11001 4810
   8106  1 0.16666667 51013 4940
   8108  1 0.20000000 11001 4940
   8111  1 0.12500000 11001 4810
   9106  1 0.16666667 51013 4940
   9108  1 0.20000000 11001 4940
   9111  1 0.12500000 11001 4810
  10106  1 0.16666667 51013 4940
  10108  1 0.20000000 11001 4940
  10111  1 0.06250000 11001 4810
  11106  1 0.16666667 51013 4940
  11109  1 0.20000000 11001 4940
  11110  1 0.20000000 11001 4940
  11111  1 0.06250000 11001 4810
  12106  1 0.16666667 51013 4940
  12111  1 0.10000000 11001 4960
  13105  2 1.00000000 51013 4960 1.00000000 51059 4960
  13111  1 0.10000000 11001 4960
  14106  1 0.75000000 51510 4960
  14111  1 0.10000000 11001 4960
  15106  1 0.12500000 51510 4960
  15111  1 0.10000000 11001 4960
  16106  1 0.12500000 51510 4960
  16112  1 0.10000000 11001 4960
  16113  2 0.50000000 11001 4960 1.00000000 24033 4960
  17106  1 0.50000000 51510 4980
  17111  1 0.06250000 24033 4980
  18105  5 0.01190476 51059 4980 0.50000000 51510 4980 1.00000000 51510 5090 1.00000000 51059 5090 1.00000000     0 5000
  18112  1 0.06250000 24033 4980
  19105  1 0.01190476 51059 4980
  19112  1 0.06250000 24033 4980
  20106  1 0.01190476 51059 4980
  20111  1 0.06250000 24033 4980
  21106  1 0.01190476 51059 4980
  21111  1 0.06250000 24033 4980
  22106  1 0.01190476 51059 4980
  22112  2 0.50000000 24033 4980 1.00000000 24033 4961
  23106  1 0.01190476 51059 4980
  23111  1 0.06250000 24033 4980
  24106  1 0.01190476 51059 4980
  24111  1 0.06250000 24033 4980
  25106  1 0.01190476 51059 4980
  25111  1 0.06250000 24033 4980
  26104  1 0.28571429 51059 4980
  26105  1 0.01190476 51059 4980
  26112  1 0.20000000 24033 5061
  26113  1 0.20000000 24033 5061
  26114  3 0.60000000 24033 5061 1.00000000 24033 5060 1.00000000     0 5070
  27105  1 0.01190476 51059 4980
  27111  1 0.93750000 24033 5290
  28105  1 0.01190476 51059 4980
  28111  2 0.12500000 24017 5290 0.06250000 24033 5290
  29104  1 0.57142857 51059 4980
  29111  1 0.25000000 24017 5290
  30102  2 0.03125000 51059 5131 1.00000000     0 5130
  30105  1 0.01190476 51059 4980
  30111  1 0.25000000 24017 5290
  31101  1 0.87500000 51059 5131
  31102  1 0.03125000 51059 5131
  31103  1 0.03125000 51059 5131
  31104  1 0.03125000 51059 5131
  31111  1 0.25000000 24017 5290
  32105  1 0.02000000 51059 5251
  32111  1 0.12500000 24017 5290
  33105  1 0.02000000 51059 5251
  33111  2 0.25641026 24017 5390 1.00000000 24033 5390
  34098  1 0.20000000 51059 5251
  34103  1 0.10000000 51059 5251
  34104  1 0.02000000 51059 5251
  34111  1 0.01709402 24017 5390
  35072  3 0.45454545 51179 6070 0.33333333 51630 6070 0.00000000     0 6030
  35098  1 0.04000000 51059 5251
  35103  1 0.02000000 51059 5251
  35111  1 0.01709402 24017 5390
  36072  3 0.03636364 51179 6070 0.66666667 51630 6070 0.22222222 51177 6070
  36096  3 0.08333333 51153 5251 0.20000000 51059 5251 1.00000000     0 5250
  36097  2 0.02083333 51153 5251 0.30000000 51059 5251
  36098  1 0.02083333 51153 5251
  36099  1 0.02000000 51059 5251
  36100  1 0.02000000 51059 5251
  36101  1 0.02000000 51059 5251
  36102  1 0.02000000 51059 5251
  36111  1 0.01709402 24017 5390
  37072  2 0.03636364 51179 6070 0.03703704 51177 6070
  37099  1 0.02083333 51153 5251
  37111  1 0.02500000 24017 5581
  38072  2 0.09090909 51179 6070 0.03703704 51177 6070
  38099  1 0.16666667 51153 5251
  38100  1 0.02083333 51153 5251
  38101  1 0.66666667 51153 5251
  38111  1 0.02500000 24017 5581
  39072  3 0.03636364 51179 6070 0.66666667 51177 6070 0.02500000 51033 6070
  39102  1 0.33333333 51153 5491
  39111  1 0.02500000 24017 5581
  40072  3 0.03636364 51179 6070 0.03703704 51177 6070 0.02500000 51033 6070
  40101  1 0.02222222 51153 5491
  40112  1 0.12500000 24017 5581
  40113  1 0.20000000 24017 5581
  40114  1 0.20000000 24017 5581
  40115  1 0.20000000 24017 5581
  40116  3 0.20000000 24017 5581 1.00000000 24017 5450 1.00000000     0 5230
  41072  2 0.03636364 51179 6070 0.00681818 51033 6070
  41102  1 0.02222222 51153 5491
  41111  1 0.03296703 24017 5390
  42072  3 0.27272727 51179 6070 0.04000000 51099 6070 0.00681818 51033 6070
  42102  1 0.02222222 51153 5491
  42111  1 0.03296703 24017 5390
  43072  2 0.01200000 51099 6070 0.02500000 51033 6070
  43102  1 0.02222222 51153 5491
  43112  1 0.23076923 24017 5390
  44072  2 0.01200000 51099 6070 0.07500000 51033 6070
  44100  2 0.22222222 51153 5491 1.00000000     0 5490
  44101  1 0.02222222 51153 5491
  44111  1 0.03296703 24017 5390
  45072  2 0.01200000 51099 6070 0.00681818 51033 6070
  45102  1 0.11111111 51153 5491
  45111  1 0.07692308 24017 5390
  46024  5 0.40000000 51087 7071 0.10000000 51760 7071 1.00000000     0 7070  -1.000000 51049 7100  -1.000000 51075 7100
  46072  2 0.01200000 51099 6070 0.00681818 51033 6070
  46101  2 0.66666667 51179 5491 0.22222222 51153 5491
  46111  1 0.07692308 24017 5390
  47024  2 0.10000000 51087 7071 0.50000000 51760 7071
  47072  2 0.24000000 51099 6070 0.00681818 51033 6070
  47101  1 0.08333333 51179 5491
  47111  1 0.03296703 24017 5390
  48024  2 0.03333333 51087 7071 0.10000000 51760 7071
  48072  2 0.04000000 51099 6070 0.00681818 51033 6070
  48101  1 0.16666667 51179 5491
  48111  1 0.07692308 24017 5390
  49024  2 0.03333333 51087 7071 0.10000000 51760 7071
  49072  2 0.12000000 51099 6070 0.00681818 51033 6070
  49101  1 0.02777778 51179 5491
  49111  1 0.03296703 24017 5390
  50024  3 0.03333333 51087 7071 0.20000000 51760 7071 0.60000000 51041 7071
  50072  2 0.01200000 51099 6070 0.00681818 51033 6070
  50101  1 0.02777778 51179 5491
  50111  1 0.03296703 24017 5390
  51024  2 0.35000000 51087 7071 0.05000000 51041 7071
  51072  2 0.01200000 51099 6070 0.12500000 51033 6070
  51101  1 0.02777778 51179 5491
  51111  1 0.03296703 24017 5390
  52021  5 0.40000000 51570 7520 0.50000000 51149 7520 0.20000000 51041 7520 1.00000000 51730 7520 0.00000000     0 7480
  52024  2 0.02500000 51087 7071 0.15000000 51041 7071
  52072  2 0.01200000 51099 6070 0.00681818 51033 6070
  52097  2 0.60000000 51179 5850 1.00000000     0 5690
  52098  1 0.20000000 51179 5850
  52099  1 0.10000000 51179 5850
  52100  1 0.05000000 51179 5850
  52111  1 0.05000000 24017 5930
  53021  3 0.40000000 51570 7520 0.30000000 51149 7520 0.80000000 51041 7520
  53024  2 0.02500000 51087 7071 0.20000000 51041 7071
  53072  2 0.01200000 51099 6070 0.00681818 51033 6070
  53100  1 0.05000000 51179 5850
  53111  1 0.12500000 24017 5930
  54021  2 0.20000000 51570 7520 0.20000000 51149 7520
  54023  1 0.20000000 51041 7073
  54025  1 0.05000000 51087 7073
  54040  7 0.10000000 51101 6780 0.08333333 51085 6780 1.00000000     0 6750 1.00000000     0 6840  -1.000000 51101 6720  -1.000000 51085 6720  -1.000000 51033 6720
  54072  2 0.08000000 51099 6070 0.00681818 51033 6070
  54101  1 0.01111111 51179 5900
  54111  1 0.12500000 24017 5930
  55021  1 1.00000000     0 7290
  55023  1 0.04000000 51041 7073
  55025  1 0.32500000 51087 7073
  55040  2 0.40000000 51101 6780 0.08333333 51085 6780
  55072  2 0.01200000 51099 6070 0.17500000 51033 6070
  55098  1 0.66666667 51179 5900
  55099  1 0.02222222 51179 5900
  55100  2 0.07500000 51099 5900 0.30000000 51179 5900
  55111  1 0.05000000 24017 5930
  56021  1 0.87500000 51041 7460
  56023  1 0.04000000 51041 7073
  56025  1 0.32500000 51087 7073
  56040  2 0.02500000 51101 6780 0.08333333 51085 6780
  56072  2 0.16000000 51099 6070 0.37500000 51033 6070
  56101  1 0.40000000 51099 5900
  56111  1 0.05000000 24017 5930
  57021  3 0.06250000 51041 7460 0.50000000 51149 7460 0.50000000 51670 7460
  57023  1 0.04000000 51041 7073
  57025  1 0.15000000 51087 7073
  57040  2 0.02500000 51101 6780 0.08333333 51085 6780
  57071  1 0.02500000 51033 6070
  57073  1 0.01200000 51099 6070
  57101  1 0.07500000 51099 5900
  57111  1 0.12500000 24017 5930
  58021  3 0.06250000 51041 7460 0.50000000 51149 7460 0.50000000 51670 7460
  58023  1 0.60000000 51041 7073
  58025  2 0.15000000 51087 7073 0.50000000 51036 7073
  58040  3 0.02500000 51101 6780 0.05000000 51127 6780 0.66666667 51085 6780
  58071  2 0.01041667 51057 6070 0.07500000 51033 6070
  58073  1 0.16000000 51099 6070
  58101  1 0.07500000 51099 5900
  58111  1 0.12500000 24017 5930
  58138  3 0.33333333 24003 4710 0.50000000 24033 4710 0.00000000     0 4650
  59021  1 0.20000000 51670 7074
  59023  1 0.04000000 51041 7073
  59025  1 0.50000000 51036 7073
  59040  2 0.02500000 51101 6780 0.90000000 51127 6780
  59071  1 0.01041667 51057 6070
  59073  1 0.04000000 51099 6070
  59101  1 0.07500000 51099 5900
  59111  1 0.25000000 24017 5930
  59138  2 0.33333333 24003 4710 0.50000000 24033 4710
  60020  2 0.24000000 51149 7074 0.80000000 51670 7074
  60022  1 0.04000000 51041 7073
  60025  1 0.06250000 51036 7074
  60040  2 0.40000000 51101 6780 0.05000000 51127 6780
  60044  7 0.11111111 51097 6622 0.37500000 51101 6622 1.00000000     0 6620  -1.000000 51033 6370  -1.000000 51097 6370  -1.000000 51101 6430  -1.000000 51033 6430
  60071  1 0.25000000 51057 6070
  60073  1 0.25000000 51193 6070
  60101  1 0.07500000 51099 5900
  60111  1 0.05000000 24017 5930
  60114  4 0.40000000 24017 5580 1.00000000 24017 5582 1.00000000 24017 5585 1.00000000     0 5720
  60138  3 0.25000000 24003 4711 0.40000000 24033 47110.333333333 24003 4710
  61021  1 0.04000000 51149 7074
  61025  1 0.06250000 51036 7074
  61040  2 0.30000000 51101 6781 0.07142857 51127 6781
  61044  2 0.11111111 51097 6622 0.25000000 51101 6622
  61071  1 0.01041667 51057 6070
  61073  1 0.08333333 51193 6070
  61101  1 0.07500000 51099 5900
  61111  1 0.05000000 24017 5930
  61114  1 0.10000000 24017 5580
  61138  2 0.75000000 24003 4711 0.60000000 24033 4711
  62020  1 0.10000000 51149 7074
  62025  1 0.06250000 51036 7074
  62040  2 0.03333333 51101 6781 0.07142857 51127 6781
  62044  2 0.01111111 51097 6622 0.12500000 51101 6622
  62071  1 0.01041667 51057 6070
  62073  1 0.08333333 51193 6070
  62101  1 0.07500000 51099 5900
  62112  1 0.20000000 24017 5580
  62113  1 0.10000000 24017 5580
  62114  1 0.20000000 24017 5580
  62138  2 0.87500000 24003 4712 0.75000000 24033 4712
  63021  1 0.60000000 51149 7074
  63025  1 0.37500000 51036 7074
  63040  2 0.03333333 51101 6781 0.07142857 51127 6781
  63044  2 0.22222222 51097 6622 0.12500000 51101 6622
  63071  1 0.01041667 51057 6070
  63073  1 0.08333333 51193 6070
  63100  1 0.07500000 51099 5900
  63111  1 0.33333333 24017 5860
  63138  4 0.12500000 24003 4712 0.25000000 24033 4712 1.00000000 24033 4691 1.00000000     0 4690
  64021  1 0.02000000 51149 7074
  64025  1 0.43750000 51036 7074
  64040  2 0.03333333 51101 6781 0.07142857 51127 6781
  64044  2 0.54444444 51097 6622 0.12500000 51101 6622
  64071  1 0.01041667 51057 6070
  64073  1 0.37500000 51193 6070
  64100  1 0.00833333 51099 5920
  64101  1 0.00833333 51099 5920
  64102  1 0.00833333 51099 5920
  64112  1 0.33333333 24017 5860
  64138  3 0.25000000 24009 4713 0.10000000 24033 4713 0.60000000 24003 4713
  65021  1 0.06250000 51149 7270
  65025  1 0.10000000 51036 7270
  65040  2 0.30000000 51101 6781 0.07142857 51127 6781
  65044  2 0.09375000 51101 6621 0.06250000 51097 6621
  65071  1 0.01041667 51057 6070
  65073  2 0.20000000 51159 6070 0.12500000 51193 6070
  65103  1 0.00833333 51099 5920
  65112  1 0.33333333 24017 5860
  65138  3 0.50000000 24009 4713 0.80000000 24033 4713 0.40000000 24003 4713
  66021  1 0.31250000 51149 7270
  66025  1 0.05000000 51036 7270
  66040  2 0.03333333 51101 6781 0.07142857 51127 6781
  66044  2 0.09375000 51101 6621 0.06250000 51097 6621
  66071  1 0.50000000 51057 6070
  66073  1 0.10000000 51159 6070
  66103  1 0.00833333 51099 5920
  66113  1 0.25000000 24017 5584
  66114  1 0.25000000 24017 5584
  66115  1 0.25000000 24017 5584
  66116  2 0.25000000 24017 5584 1.00000000 24017 5440
  66138  3 0.25000000 24009 4713 0.10000000 24033 4713 0.05555556 24033 4950
  67021  1 0.25000000 51149 7270
  67025  1 0.05000000 51036 7270
  67040  2 0.03333333 51101 6781 0.07142857 51127 6781
  67044  2 0.09375000 51101 6621 0.16666667 51097 6621
  67071  1 0.01041667 51057 6070
  67073  1 0.10000000 51159 6070
  67103  1 0.00833333 51099 5920
  67110  1 0.08333333 24017 5790
  67111  1 0.01666667 24017 5790
  67112  1 0.08333333 24017 5790
  67138  3 0.25000000 24009 4950 0.50000000 24003 4950 0.33333333 24033 4950
  68021  1 0.03125000 51149 7270
  68025  1 0.30000000 51036 7270
  68040  2 0.03333333 51101 6781 0.07142857 51127 6781
  68044  2 0.09375000 51101 6621 0.08333333 51097 6621
  68069  1 0.12500000 51057 6070
  68070  1 0.01041667 51057 6070
  68073  1 0.10000000 51159 6070
  68099  1 0.05000000 51099 5920
  68102  1 0.00833333 51099 5920
  68109  1 0.08333333 24017 5790
  68138  3 0.25000000 24009 4950 0.50000000 24003 4950 0.33333333 24033 4950
  69021  1 0.03125000 51149 7270
  69025  1 0.10000000 51036 7270
  69040  2 0.03333333 51101 6781 0.07142857 51127 6781
  69044  2 0.09375000 51101 6621 0.06250000 51097 6621
  69069  1 0.01041667 51057 6070
  69073  1 0.20000000 51159 6070
  69099  1 0.00833333 51099 5920
  69102  1 0.00833333 51099 5920
  69109  1 0.08333333 24017 5790
  69138  2 0.04166667 24009 4950 0.05555556 24033 4950
  70021  1 0.03125000 51149 7270
  70025  1 0.10000000 51036 7270
  70040  2 0.03333333 51101 6781 0.07142857 51127 6781
  70044  2 0.31250000 51101 6621 0.06250000 51097 6621
  70068  1 0.01041667 51057 6070
  70073  1 0.20000000 51159 6070
  70097  1 0.80000000 51099 5920
  70098  1 0.00833333 51099 5920
  70100  1 0.00833333 51099 5920
  70101  1 0.00833333 51099 5920
  70110  1 0.01666667 24017 5790
  70138  2 0.08333333 24009 4950 0.08333333 24033 4950
  71021  1 0.03125000 51149 7270
  71025  1 0.05000000 51036 7270
  71040  2 0.03333333 51101 6781 0.07142857 51127 6781
  71044  2 0.06250000 51101 6621 0.04166667 51097 6621
  71069  1 0.01041667 51057 6070
  71073  1 0.10000000 51159 6070
  71099  1 0.05000000 51099 5920
  71111  1 0.16666667 24017 5790
  71138  2 0.12500000 24009 4950 0.05555556 24033 4950
  72020  2 0.37500000 51181 7270 0.12500000 51149 7270
  72025  1 0.10000000 51036 7270
  72040  2 0.03333333 51101 6781 0.07142857 51127 6781
  72044  2 0.06250000 51101 6621 0.04166667 51097 6621
  72068  1 0.40000000 51057 6321
  72073  3 1.00000000 51159 6322 1.00000000 51193 6322 1.00000000     0 6180
  72099  2 0.09090909 51193 6100 0.40000000 51099 6100
  72112  1 0.16666667 24017 5790
  72138  2 0.25000000 24009 4950 0.08333333 24033 4950
  73020  2 0.37500000 51181 7270 0.12500000 51149 7270
  73025  1 0.05000000 51036 7270
  73040  2 0.03333333 51101 6781 0.07142857 51127 6781
  73044  2 0.03125000 51101 6621 0.20833333 51097 6621
  73068  1 0.05000000 51057 6321
  73073  1 0.20000000 51159 6321
  73099  1 0.02272727 51193 6100
  73112  1 0.08333333 24017 5790
  73138  2 0.50000000 24033 4951 0.50000000 24009 4951
  74020  1 0.12500000 51181 7270
  74025  1 0.05000000 51036 7270
  74040  2 0.01111111 51101 6781 0.07142857 51127 6781
  74044  2 0.03125000 51101 6621 0.20833333 51097 6621
  74067  1 0.50000000 51057 6321
  74073  1 0.20000000 51159 6321
  74099  1 0.02272727 51193 6100
  74112  1 0.08333333 24017 5790
  74138  2 0.16666667 24033 4951 0.40000000 24009 4951
  75020  1 0.12500000 51181 7270
  75026  1 0.05000000 51036 7270
  75027  1 0.23000000 51036 7050
  75028  2 0.02500000 51095 7050 0.01000000 51036 7050
  75029  2 0.32500000 51095 7050 0.35000000 51036 7050
  75030  3 0.32500000 51095 7050 0.06000000 51036 7050 1.00000000     0 7051
  75031  4 0.32500000 51095 7050 0.35000000 51036 7050 0.50000000 51127 7050 1.00000000     0 7052
  75032  2 1.00000000     0 7053 0.50000000 51127 7050
  75040  1 0.10000000 51127 6930
  75041  1 0.01111111 51101 6781
  75042  1 0.01111111 51101 6781
  75043  1 0.03125000 51101 6621
  75044  1 0.14285714 51097 6930
  75067  3 0.01000000 51057 6321 1.00000000 51057 6320 1.00000000     0 6540
  75073  1 0.20000000 51159 6321
  75097  2 0.27272727 51193 6100 0.60000000 51099 6100
  75098  1 0.13636364 51193 6100
  75112  1 0.01666667 24017 5790
  75137  1 0.33333333 24033 4951
  75138  1 0.10000000 24009 4951
  76019  1 0.05000000 51181 7072
  76027  1 0.04000000 51095 7072
  76040  1 0.40000000 51127 6930
  76044  1 0.14285714 51097 6930
  76067  1 0.02000000 51057 6321
  76073  1 0.20000000 51159 6321
  76099  1 0.09090909 51193 6100
  76112  1 0.01666667 24017 5790
  76137  1 0.75000000 24033 4952
  76138  3 0.90000000 24009 4952 1.00000000 24009 5350 1.00000000 24009 5320
  77019  1 0.05000000 51181 7072
  77025  1 0.01142857 51095 7072
  77026  1 0.01142857 51095 7072
  77027  1 0.08000000 51095 7072
  77040  1 0.10000000 51127 6930
  77044  1 0.14285714 51097 6930
  77067  1 0.02000000 51057 6321
  77073  1 0.20000000 51159 6321
  77099  1 0.31818182 51193 6100
  77112  1 0.01666667 24017 5790
  77137  3 0.33333333 24017 5340 0.50000000 24033 5340 0.25000000 24033 4952
  77139  1 0.10000000 24009 4952
  78019  1 0.30000000 51181 7072
  78024  1 0.01142857 51095 7072
  78040  2 0.20000000 51127 6930 0.26000000 51095 6930
  78044  1 0.03571429 51097 6930
  78067  1 0.25000000 51057 6501
  78073  3 0.43333333 51159 6501 0.50000000 51193 6501 0.50000000 51133 6501
  78099  1 0.02272727 51193 6100
  78113  1 0.04166667 24017 5790
  78114  1 0.04166667 24017 5790
  78115  1 0.20000000 24017 5670
  78116  1 0.20000000 24017 5670
  78117  1 0.20000000 24017 5670
  78118  1 0.20000000 24017 5670
  78119  1 0.20000000 24017 5670
  78120  4 0.33333333 24017 5671 1.00000000 24017 5800 1.00000000     0 5710 1.00000000     0 5630
  78137  2 0.33333333 24017 5340 0.50000000 24033 5340
  78139  1 0.50000000 24009 5341
  79019  1 0.20000000 51181 7072
  79024  1 0.01142857 51095 7072
  79027  1 0.64000000 51095 7072
  79040  2 0.20000000 51127 6930 0.30000000 51095 6930
  79044  1 0.03571429 51097 6930
  79067  1 0.25000000 51057 6501
  79073  3 0.53333333 51159 6501 0.50000000 51193 6501 0.50000000 51133 6501
  79099  1 0.02272727 51193 6100
  79114  1 0.10000000 24037 5670
  79115  1 0.10000000 24037 5670
  79116  1 0.10000000 24037 5670
  79117  1 0.10000000 24037 5670
  79119  1 0.10000000 24037 5670
  79120  3 0.66666667 24017 5671 1.00000000 24037 5671 1.00000000     0 5510
  79137  1 0.16666667 24017 5340
  79139  1 0.50000000 24009 5341
  80017  1 0.05000000 51181 7072
  80018  1 0.05000000 51181 7072
  80025  1 0.01142857 51095 7072
  80026  1 0.01142857 51095 7072
  80027  3 0.16000000 51095 7072 1.00000000 51830 7072 1.00000000 51199 7072
  80040  1 0.04000000 51095 6930
  80044  2 0.25000000 51073 6930 0.35714286 51097 6930
  80066  1 0.25000000 51057 6501
  80073  1 0.01111111 51159 6501
  80099  1 0.01041667 51193 6130
  80113  1 0.06666667 24037 6020
  80118  1 0.50000000 24037 5670
  80137  1 0.16666667 24017 5340
  80139  1 0.10000000 24009 5343
  81017  1 0.25000000 51181 7072
  81018  1 0.05000000 51181 7072
  81027  1 0.01142857 51095 7072
  81040  1 0.04000000 51095 6930
  81044  2 0.25000000 51073 6930 0.14285714 51097 6930
  81066  1 0.25000000 51057 6501
  81073  1 0.01111111 51159 6501
  81099  1 0.01041667 51193 6130
  81112  1 0.06666667 24037 6020
  81113  1 0.80000000 24037 6020
  81137  1 0.65000000 24037 5340
  81139  1 0.40000000 24009 5343
  82019  1 0.05000000 51181 7390
  82027  1 0.16666667 51095 7390
  82040  1 0.04000000 51095 6930
  82044  1 0.03750000 51073 6930
  82066  1 0.25000000 51057 6500
  82073  1 0.01111111 51159 6501
  82099  1 0.01041667 51193 6130
  82111  1 0.06666667 24037 6020
  82137  1 0.30000000 24037 5340
  82139  1 0.10000000 24009 5343
  83018  1 0.05000000 51181 7390
  83027  1 0.16666667 51095 7390
  83040  1 0.04000000 51095 6930
  83044  1 0.03750000 51073 6930
  83066  1 0.25000000 51057 6500
  83073  1 0.02222222 51159 6500
  83099  1 0.01041667 51193 6130
  83112  1 0.16666667 24037 5951
  83113  2 0.03703704 24037 5950 0.16666667 24037 5951
  83114  2 0.03703704 24037 5950 0.66666667 24037 5951
  83115  1 0.22222222 24037 5950
  83116  3 0.66666667 24037 5950 1.00000000     0 5750 1.00000000 24037 5952
  83136  1 0.05000000 24037 5340
  83139  1 0.10000000 24009 5343
  84017  2 0.06250000 51093 7390 0.90000000 51181 7390
  84027  2 0.10000000 51700 7390 0.33333333 51095 7390
  84040  1 0.04000000 51095 6930
  84044  1 0.03750000 51073 6930
  84066  1 0.25000000 51057 6500
  84074  1 0.02222222 51159 6500
  84075  1 0.02222222 51159 6500
  84076  1 0.02222222 51159 6500
  84077  1 0.40000000 51159 6500
  84098  1 0.12500000 51193 6130
  84112  1 0.03703704 24037 5950
  84136  1 0.25000000 24037 5344
  84139  1 0.10000000 24009 5343
  85017  1 0.00892857 51093 7390
  85027  2 0.01000000 51700 7390 0.33333333 51095 7390
  85040  1 0.04000000 51095 6930
  85044  1 0.12500000 51073 6930
  85066  1 0.25000000 51057 6500
  85073  1 0.02222222 51159 6500
  85095  1 0.50000000 51193 6130
  85096  1 0.06250000 51193 6130
  85097  1 0.06250000 51193 6130
  85113  1 0.08333333 24037 5960
  85114  1 0.08333333 24037 5960
  85115  1 0.16666667 24037 5960
  85116  1 0.33333333 24037 5960
  85117  4 0.33333333 24037 5960 1.00000000 24037 5962 1.00000000 24037 5961 1.00000000     0 5830
  85136  1 0.75000000 24037 5344
  85140  1 0.10000000 24009 5343
  86017  1 0.00892857 51093 7390
  86027  1 0.01000000 51700 7390
  86040  2 0.05000000 51199 6930 0.10000000 51095 6930
  86044  1 0.03750000 51073 6930
  86066  1 0.01041667 51119 6500
  86073  1 0.02222222 51159 6500
  86075  1 0.10000000 51159 6500
  86097  1 0.01041667 51193 6130
  86098  1 0.01041667 51193 6130
  86112  1 0.05000000 24037 6060
  86136  1 0.11111111 24037 5347
  86140  1 0.10000000 24009 5343
  87017  1 0.00892857 51093 7390
  87027  1 0.01000000 51700 7390
  87040  2 0.05000000 51199 6930 0.10000000 51095 6930
  87044  1 0.03750000 51073 6930
  87066  1 0.16666667 51119 6500
  87074  2 0.02380952 51103 6500 0.02222222 51159 6500
  87075  1 0.02380952 51103 6500
  87076  2 0.04166667 51103 6500 0.02222222 51159 6500
  87077  2 0.04166667 51103 6500 0.02222222 51159 6500
  87078  2 0.41666667 51103 6500 0.30000000 51159 6500
  87099  1 0.01041667 51193 6130
  87112  1 0.10000000 24037 6060
  87136  1 0.11111111 24037 5347
  87141  1 0.10000000 24009 5345
  87142  2 0.90000000 24009 5345 1.00000000 24009 5342
  88017  1 0.00892857 51093 7390
  88027  1 0.01000000 51700 7390
  88040  1 0.20000000 51199 6930
  88044  1 0.03750000 51073 6930
  88066  1 0.01041667 51119 6500
  88073  1 0.02380952 51103 6500
  88098  1 0.01041667 51193 6130
  88113  1 0.10000000 24037 6060
  88136  1 0.11111111 24037 5347
  88140  1 0.10000000 24009 5346
  89017  1 0.25000000 51093 7390
  89027  1 0.01000000 51700 7390
  89040  1 0.02000000 51199 6930
  89044  1 0.03750000 51073 6930
  89066  1 0.01041667 51119 6500
  89074  1 0.08333333 51103 6500
  89096  1 0.12500000 51193 6130
  89097  1 0.01041667 51193 6130
  89098  1 0.01041667 51193 6130
  89099  1 0.01041667 51193 6130
  89100  1 0.01041667 51193 6130
  89113  1 0.10000000 24037 6060
  89136  1 0.11111111 24037 5347
  89140  1 0.10000000 24009 5346
  90017  1 0.25000000 51093 7390
  90027  1 0.01000000 51700 7390
  90040  1 0.02000000 51199 6930
  90044  1 0.03750000 51073 6930
  90066  1 0.12500000 51119 6500
  90073  1 0.02380952 51103 6500
  90101  1 0.04166667 51193 6140
  90113  1 0.10000000 24037 6060
  90136  1 0.11111111 24037 5347
  90140  1 0.10000000 24009 5346
  91017  1 0.00892857 51093 7390
  91028  1 0.01000000 51700 7390
  91029  1 0.10000000 51700 7390
  91030  2 0.50000000 51700 7390 1.00000000 51199 7390
  91040  1 0.02000000 51199 6930
  91044  1 0.03750000 51073 6930
  91066  1 0.12500000 51119 6500
  91074  1 0.02380952 51103 6500
  91075  1 0.08333333 51103 6500
  91101  1 0.04166667 51193 6140
  91113  1 0.10000000 24037 6060
  91136  1 0.11111111 24037 5347
  91140  1 0.10000000 24009 5346
  92015  1 0.12500000 51093 7390
  92016  1 0.00892857 51093 7390
  92027  1 0.01000000 51700 7390
  92040  1 0.02000000 51199 6930
  92044  1 0.03750000 51073 6930
  92066  1 0.04166667 51119 6500
  92073  1 0.02380952 51103 6500
  92100  1 0.08333333 51193 6140
  92113  1 0.10000000 24037 6060
  92136  1 0.11111111 24037 5347
  92140  1 0.10000000 24009 5346
  93016  1 0.00892857 51093 7390
  93027  1 0.01000000 51700 7390
  93040  2 0.60000000 51199 6930 1.00000000 51830 6930
  93044  1 0.01041667 51073 6931
  93066  1 0.08333333 51119 6500
  93073  1 0.02380952 51103 6500
  93100  1 0.08333333 51193 6140
  93113  1 0.10000000 24037 6060
  93136  1 0.11111111 24037 5347
  93140  1 0.50000000 24009 5346
  94016  1 0.00892857 51093 7390
  94027  1 0.05000000 51700 7390
  94040  1 0.02000000 51199 6930
  94044  1 0.31250000 51073 6931
  94066  1 0.01041667 51119 6500
  94073  1 0.02380952 51103 6500
  94100  1 0.08333333 51193 6140
  94113  1 0.10000000 24037 6060
  94136  1 0.11111111 24037 5347
  94140  1 0.02857143 24009 5348
  95016  1 0.00892857 51093 7390
  95027  1 0.05000000 51700 7390
  95040  1 0.02040816 51199 6931
  95044  1 0.01041667 51073 6931
  95066  1 0.01041667 51119 6500
  95073  1 0.02380952 51103 6500
  95101  1 0.04166667 51193 6140
  95112  1 0.05000000 24037 6060
  95113  1 0.10000000 24037 6060
  95136  1 0.12500000 24037 5349
  95140  1 0.02857143 24009 5348
  96016  1 0.00892857 51093 7390
  96027  1 0.05000000 51700 7390
  96040  1 0.28571429 51199 6931
  96044  1 0.09375000 51073 6931
  96062  1 0.08333333 51119 6500
  96063  1 0.12500000 51119 6500
  96064  1 0.01041667 51119 6500
  96065  1 0.01041667 51119 6500
  96073  1 0.02380952 51103 6500
  96101  1 0.04166667 51193 6140
  96111  1 0.16666667 24037 5983
  96136  1 0.12500000 24037 5349
  96140  1 0.02857143 24009 5348
  97014  1 0.00892857 51093 7390
  97017  1 0.00892857 51093 7390
  97027  2 0.01000000 51700 7390 1.00000000 51650 7390
  97040  1 0.02040816 51199 6931
  97044  1 0.09375000 51073 6931
  97066  1 0.04166667 51119 6500
  97073  1 0.02380952 51103 6500
  97097  1 0.08333333 51193 6140
  97100  1 0.04166667 51193 6140
  97111  1 0.16666667 24037 5983
  97136  1 0.12500000 24037 5349
  97140  1 0.02857143 24009 5348
  98013  2 0.18750000 51093 7390 1.00000000 51800 7390
  98015  1 0.00892857 51093 7390
  98016  1 0.00892857 51093 7390
  98027  1 0.01000000 51700 7390
  98040  1 0.14285714 51199 6931
  98044  1 0.06250000 51073 6931
  98064  1 0.12500000 51119 6500
  98065  1 0.01041667 51119 6500
  98073  1 0.02380952 51103 6500
  98095  2 0.25000000 51133 6140 0.33333333 51193 6140
  98096  2 0.03125000 51133 6140 0.04166667 51193 6140
  98098  1 0.04166667 51193 6140
  98099  1 0.04166667 51193 6140
  98112  1 0.16666667 24037 5983
  98114  1 0.25000000 24037 5980
  98136  1 0.12500000 24037 5349
  98141  1 0.02857143 24009 5348
  98142  1 0.10000000 24009 5348
  98143  1 0.20000000 24009 5348
  98144  1 0.40000000 24009 5348
  99014  1 0.01250000 51800 7760
  99027  1 0.01000000 51700 7390
  99040  1 0.14285714 51199 6931
  99044  1 0.06250000 51073 6931
  99066  1 0.04000000 51119 6530
  99073  1 0.02380952 51103 6500
  99097  1 0.03125000 51133 6140
  99098  1 0.03125000 51133 6140
  99099  1 0.03125000 51133 6140
  99112  1 0.16666667 24037 5983
  99114  1 0.08333333 24037 5980
  99136  1 0.12500000 24037 5349
  99140  1 0.02857143 24009 5348
  99216  2 0.03125000 24510 3960 1.00000000     0 3910
  99219  2 0.50000000 24510 3960 1.00000000     0 3650
 100012  1 0.01250000 51800 7760
 100013  1 0.01250000 51800 7760
 100027  1 0.01000000 51700 7390
 100040  1 0.02040816 51199 6931
 100044  1 0.01041667 51073 6931
 100066  1 0.04000000 51119 6530
 100073  1 0.02380952 51103 6500
 100097  1 0.25000000 51133 6140
 100100  2 0.01449275 51133 6270 0.05000000 24037 6270
 100112  1 0.16666667 24037 5983
 100114  1 0.08333333 24037 5980
 100136  1 0.12500000 24037 5349
 100140  1 0.02857143 24009 5348
 100215  5 0.03125000 24510 3960 1.00000000     0 4060  -1.000000 24025 3808  -1.000000 24017 3808  -1.000000 24013 3808
 100217  1 0.03125000 24510 3960
 100219  1 0.25000000 24510 3960
 101009  3 0.55000000 51800 7760 1.00000000     0 8090 1.00000000     0 7800
 101010  1 0.05000000 51800 7760
 101011  1 0.05000000 51800 7760
 101012  1 0.15000000 51800 7760
 101013  1 0.15000000 51800 7760
 101014  1 0.01250000 51800 7760
 101027  1 0.01000000 51700 7390
 101040  1 0.02040816 51199 6931
 101044  1 0.01041667 51073 6931
 101066  1 0.04000000 51119 6530
 101073  1 0.00378788 51103 6530
 101097  1 0.37500000 51133 6140
 101100  2 0.01449275 51133 6270 0.05000000 24037 6270
 101112  1 0.16666667 24037 5983
 101114  1 0.08333333 24037 5980
 101117  1 0.25000000 24037 5980
 101136  1 0.12500000 24037 5349
 101141  1 0.10000000 24009 5348
 101216  1 0.03125000 24510 3960
 101218  1 0.03125000 24510 3960
 101219  1 0.03125000 24510 3960
 102015  1 0.10000000 51800 7580
 102027  1 0.01000000 51700 7390
 102040  1 0.02040816 51199 6931
 102044  1 0.01041667 51073 6931
 102066  1 0.04000000 51119 6530
 102073  1 0.00378788 51103 6530
 102100  2 0.01449275 51133 6270 0.05000000 24037 6270
 102113  1 0.02500000 24037 5980
 102115  1 0.02500000 24037 5980
 102116  1 0.02500000 24037 5980
 102117  1 0.02500000 24037 5980
 102136  1 0.12500000 24037 5349
 102140  1 0.10000000 24009 4954
 102216  2 0.03125000 24510 3960
 102219  1 0.03125000 24510 3960
 103015  1 0.70000000 51800 7580
 103027  1 0.33333333 51700 7580
 103040  1 0.02040816 51199 6931
 103044  1 0.01041667 51073 6931
 103066  1 0.08000000 51119 6530
 103073  1 0.00378788 51103 6530
 103098  1 0.25000000 51133 6270
 103099  2 0.08333333 51133 6270 0.05000000 24037 6270
 103118  1 0.02500000 24037 5980
 103133  1 0.06666667 24037 4953
 103134  1 0.66666667 24037 4953
 103135  1 0.10000000 24037 4955
 103140  1 0.01538462 24009 4954
 103216  1 0.25000000 24510 3961
 103220  2 0.12500000 24005 3964 0.98000000 24510 3964
 104011  3 0.20000000 51800 7580 0.05000000 51740 7580 0.20000000 51550 7580
 104015  1 0.05000000 51740 7580
 104016  1 0.05000000 51740 7580
 104017  1 0.05000000 51740 7580
 104027  1 0.33333333 51700 7580
 104040  1 0.02040816 51199 6931
 104044  1 0.09375000 51073 6931
 104066  1 0.04000000 51119 6530
 104074  1 0.00378788 51103 6530
 104075  1 0.03030303 51103 6530
 104076  1 0.03030303 51103 6530
 104077  1 0.04545455 51103 6530
 104078  1 0.37878788 51103 6530
 104100  2 0.01449275 51133 6270 0.05000000 24037 6270
 104114  1 0.02500000 24037 5980
 104115  1 0.02500000 24037 5980
 104116  1 0.02500000 24037 5980
 104117  1 0.02500000 24037 5980
 104119  1 0.03333333 24037 5982
 104120  1 0.03333333 24037 5982
 104121  1 0.20000000 24037 5982
 104122  1 0.20000000 24037 5982
 104123  1 0.03333333 24037 5982
 104124  3 0.10000000 24037 5982 1.00000000 24037 5981 1.00000000 24037 5910
 104134  1 0.26666667 24037 4953
 104136  1 0.10000000 24037 4955
 104140  1 0.01538462 24009 4954
 104213  1 0.40000000 24003 3961
 104214  2 0.25000000 24510 3961 0.60000000 24003 3961
 104215  1 0.50000000 24510 3961
 104219  2 0.02272727 24005 3964 0.02000000 24510 3964
 104252  4 1.00000000 24025 2971 0.33333333     0 2480 0.00000000     0 2720 1.00000000     0 3060
 104253  3 0.50000000 24015 2971 0.33333333     0 2480 0.00000000     0 2720
 104254  3 0.50000000 24015 2971 0.33333333     0 2480 0.00000000     0 2720
 105011  1 0.05000000 51740 7580
 105018  1 0.05000000 51740 7580
 105027  1 0.33333333 51700 7580
 105040  1 0.02040816 51199 6931
 105044  1 0.09375000 51073 6931
 105066  1 0.04000000 51119 6530
 105076  1 0.01515152 51103 6530
 105100  2 0.01449275 51133 6270 0.05000000 24037 6270
 105113  1 0.02500000 24037 5980
 105118  1 0.40000000 24037 5982
 105136  1 0.10000000 24037 4955
 105140  1 0.01538462 24009 4954
 105215  1 1.00000000 24510 3962
 105219  1 0.02272727 24005 3964
 105220  1 0.02272727 24005 3964
 105252  1 0.20000000 24025 2970
 105254  1 0.20000000 24015 2970
 106011  1 0.05000000 51740 7580
 106018  1 0.05000000 51740 7580
 106027  1 0.10000000 51650 7580
 106040  1 0.07142857 51199 6931
 106044  1 0.01041667 51073 6931
 106066  1 0.04000000 51119 6530
 106074  1 0.04545455 51103 6530
 106075  1 0.01515152 51103 6530
 106076  1 0.06060606 51103 6530
 106077  1 0.03030303 51103 6530
 106078  1 0.22727273 51103 6530
 106089  1 0.29000000 51133 6450
 106100  2 0.08333333 51133 6270 0.05000000 24037 6270
 106114  1 0.05000000 24037 6110
 106115  1 0.05000000 24037 6110
 106116  1 0.16666667 24037 6110
 106136  1 0.10000000 24037 4955
 106140  1 0.01538462 24009 4954
 106215  1 0.08333333 24003 3962
 106218  1 0.02272727 24005 3964
 106252  1 0.20000000 24025 2970
 106254  1 0.20000000 24015 2970
 107011  1 0.05000000 51740 7580
 107012  1 0.05000000 51740 7580
 107013  1 0.10000000 51740 7580
 107015  1 0.05000000 51740 7580
 107016  1 0.05000000 51740 7580
 107017  1 0.05000000 51740 7580
 107027  1 0.10000000 51650 7580
 107040  1 0.07142857 51199 6931
 107044  1 0.01041667 51073 6931
 107066  1 0.04000000 51119 6530
 107073  1 0.04545455 51103 6530
 107089  1 0.05000000 51133 6450
 107100  2 0.01449275 51133 6270 0.05000000 24037 6270
 107113  1 0.05000000 24037 6110
 107115  1 0.33333333 24037 6110
 107136  1 0.10000000 24037 4955
 107140  1 0.01538462 24009 4954
 107214  1 0.08333333 24003 3962
 107219  1 0.12500000 24005 3964
 107220  1 0.37500000 24005 3964
 107252  1 0.20000000 24025 2970
 107254  1 0.20000000 24015 2970
 108002  1 0.15000000 51550 7580
 108003  1 0.05000000 51550 7580
 108004  1 0.30000000 51550 7580
 108005  1 0.10000000 51550 7580
 108006  1 0.05000000 51550 7580
 108007  2 0.05000000 51550 7580 0.05000000 51740 7580
 108008  2 0.01960784 51710 7580 0.05000000 51740 7580
 108009  1 0.05000000 51740 7580
 108010  2 0.01960784 51710 7580 0.05000000 51740 7580
 108011  1 0.01960784 51710 7580
 108012  1 0.01960784 51710 7580
 108014  1 0.05000000 51740 7580
 108015  1 0.01960784 51710 7580
 108016  1 0.01960784 51710 7580
 108017  1 0.01960784 51710 7580
 108018  1 0.01960784 51710 7580
 108019  1 0.01960784 51710 7580
 108027  1 0.10000000 51650 7580
 108040  1 0.02040816 51199 6931
 108044  1 0.01041667 51073 6931
 108066  1 0.08000000 51119 6530
 108073  1 0.00757576 51103 6530
 108089  1 0.05000000 51133 6450
 108100  2 0.16666667 51133 6270 0.05000000 24037 6270
 108113  1 0.05000000 24037 6110
 108136  1 0.10000000 24037 4955
 108140  1 0.01538462 24009 4954
 108213  1 0.50000000 24003 3962
 108218  1 0.02272727 24005 3964
 108252  1 0.08000000 24025 2970
 108253  2 0.04000000 24025 2970 0.02000000 24015 2970
 108254  1 0.04000000 24015 2970
 109009  1 0.01960784 51710 7580
 109013  1 0.01960784 51710 7580
 109014  1 0.01960784 51710 7580
 109020  1 0.01960784 51710 7580
 109027  1 0.10000000 51650 7580
 109040  1 0.02040816 51199 6931
 109044  1 0.01041667 51073 6931
 109066  1 0.16000000 51119 6530
 109073  1 0.00757576 51103 6530
 109089  1 0.05000000 51133 6450
 109100  2 0.01449275 51133 6270 0.05000000 24037 6270
 109113  1 0.05000000 24037 6110
 109136  1 0.10000000 24037 4955
 109140  1 0.01538462 24009 4954
 109214  1 0.04166667 24003 3962
 109218  1 0.02272727 24005 3964
 109252  1 0.08000000 24025 2970
 109254  1 0.08000000 24015 2970
 110009  1 0.01960784 51710 7580
 110014  1 0.01960784 51710 7580
 110019  1 0.01960784 51710 7580
 110027  1 0.33333333 51650 7580
 110036  1 0.16666667 51199 7370
 110040  1 0.02040816 51199 6931
 110044  1 0.06250000 51073 6931
 110051  1 0.04166667 51073 7010
 110064  3 0.44444444 51119 6581 0.66666667 51073 6581 1.00000000     0 6580
 110066  1 0.04000000 51119 6530
 110073  1 0.00757576 51103 6530
 110089  1 0.01000000 51133 6450
 110100  2 0.01449275 51133 6270 0.05000000 24037 6270
 110113  1 0.05000000 24037 6110
 110136  1 0.10000000 24037 4955
 110141  1 0.01538462 24009 4954
 110142  1 0.01538462 24009 4954
 110143  1 0.10000000 24009 4954
 110213  1 0.25000000 24003 3962
 110218  1 0.02272727 24005 3964
 110222  3 0.25000000 24005 3742 1.00000000 24005 3741 1.00000000     0 3740
 110252  1 0.08000000 24025 2970
 110253  2 0.04000000 24025 2970 0.02000000 24015 2970
 110254  1 0.08000000 24015 2970
 111009  2 0.11111111 51710 7580 0.10000000 51550 7580
 111014  1 0.22222222 51710 7580
 111018  1 0.22222222 51710 7580
 111019  1 0.01960784 51710 7580
 111025  1 0.01666667 51650 7580
 111026  1 0.06666667 51650 7580
 111035  2 0.02777778 51199 7370 0.06250000 51735 7370
 111036  1 0.02777778 51199 7370
 111040  1 0.02040816 51199 6931
 111044  1 0.01041667 51073 6931
 111049  1 0.66666667 51073 7230
 111051  1 0.04166667 51073 7010
 111064  2 0.11111111 51119 6581 0.33333333 51073 6581
 111066  1 0.04000000 51119 6530
 111073  1 0.00757576 51103 6530
 111089  1 0.01000000 51133 6450
 111100  2 0.01449275 51133 6270 0.05000000 24037 6270
 111112  1 0.05000000 24037 6110
 111136  1 0.10000000 24037 4955
 111140  1 0.01538462 24009 4954
 111142  1 0.01538462 24009 4954
 111214  1 0.04166667 24003 3962
 111219  1 0.12500000 24005 3964
 111222  1 0.25000000 24005 3742
 111226  1 0.33333333 24005 3820
 111252  1 0.08000000 24025 2970
 111254  1 0.08000000 24015 2970
 112009  2 0.11111111 51710 7580 1.00000000 51810 7580
 112020  1 0.02777778 51710 7660
 112024  1 0.01666667 51650 7580
 112026  1 0.06666667 51650 7580
 112035  2 0.66666667 51199 7370 0.06250000 51735 7370
 112040  1 0.02040816 51199 6931
 112044  1 0.01041667 51073 6931
 112049  1 0.11111111 51073 7230
 112051  1 0.08333333 51073 7010
 112052  1 0.01000000 51073 6870
 112053  2 0.00476190 51115 6870 0.04000000 51073 6870
 112054  2 0.20000000 51115 6870 0.95000000 51073 6870
 112064  2 0.22222222 51119 6581 0.66666667 51115 6581
 112066  1 0.08000000 51119 6530
 112073  1 0.00378788 51103 6530
 112089  1 0.01000000 51133 6450
 112100  2 0.01449275 51133 6270 0.05000000 24037 6270
 112112  1 0.05000000 24037 6110
 112119  1 0.07692308 24037 5880
 112120  1 0.07692308 24037 5880
 112136  1 0.10000000 24037 4955
 112140  1 0.01538462 24009 4954
 112142  1 0.01538462 24009 4954
 112143  1 0.20000000 24009 4954
 112214  1 0.02500000 24003 3963
 112218  1 0.02272727 24005 3964
 112222  1 0.25000000 24005 3742
 112226  1 0.03703704 24005 3820
 112227  1 0.22222222 24005 3820
 112250  1 0.02000000 24025 3161
 112251  1 0.02000000 24025 3161
 112254  1 0.08000000 24015 2970
 113014  1 0.33333333 51710 7660
 113015  1 0.02777778 51710 7660
 113016  1 0.02777778 51710 7660
 113017  1 0.02777778 51710 7660
 113018  1 0.02777778 51710 7660
 113019  1 0.02777778 51710 7660
 113024  1 0.01666667 51650 7580
 113030  2 0.58333333 51650 7370 0.28571429 51700 7370
 113035  1 0.06250000 51735 7370
 113036  1 0.02777778 51199 7370
 113037  1 0.02777778 51199 7370
 113040  1 0.02040816 51199 6931
 113044  1 0.01851852 51073 7230
 113049  1 0.01851852 51073 7230
 113050  1 0.83333333 51073 7010
 113052  1 0.00476190 51115 6870
 113064  2 0.11111111 51119 6581 0.11111111 51115 6581
 113066  1 0.04000000 51119 6530
 113073  1 0.00378788 51103 6530
 113087  1 0.10000000 51133 6450
 113089  1 0.01000000 51133 6450
 113100  2 0.01449275 51133 6270 0.05000000 24037 6270
 113112  1 0.05000000 24037 6110
 113118  2 0.12500000 24037 5881 0.07692308 24037 5880
 113119  1 0.07692308 24037 5880
 113127  1 0.07692308 24037 5880
 113128  1 0.20000000 24037 4924
 113129  1 0.20000000 24037 4924
 113130  1 0.20000000 24037 4924
 113131  1 0.20000000 24037 4924
 113132  1 0.20000000 24037 4924
 113133  1 0.50000000 24037 4956
 113136  1 0.06250000 24037 4956
 113140  1 0.10000000 24009 4923
 113142  1 0.40000000 24009 4954
 113214  1 0.02500000 24003 3963
 113219  1 0.02272727 24005 3964
 113222  1 0.06250000 24005 3742
 113226  1 0.03703704 24005 3820
 113249  1 0.02000000 24025 3161
 113255  1 0.10000000 24015 2941
 113256  1 0.90000000 24015 2941
 113257  1 0.01000000 24015 2940
 113258  1 0.95000000 24015 2940
 114013  2 0.50000000 51710 7660 0.10000000 51810 7660
 114025  1 0.01666667 51650 7580
 114026  1 0.06666667 51650 7580
 114030  1 0.02500000 51650 7370
 114031  3 0.16666667 51650 7370 0.25000000 51735 7370 0.71428571 51700 7370
 114035  1 0.06250000 51735 7370
 114038  1 0.02777778 51199 7370
 114039  1 0.02777778 51199 7370
 114044  1 0.01851852 51073 7230
 114047  1 0.11111111 51073 7230
 114048  1 0.01851852 51073 7230
 114052  1 0.00476190 51115 6870
 114062  1 0.11111111 51115 6581
 114063  1 0.11111111 51115 6581
 114064  1 0.01587302 51119 6581
 114066  1 0.04000000 51119 6530
 114073  1 0.00378788 51103 6530
 114077  1 0.40000000 51103 6450
 114079  2 0.05000000 51133 6450 0.02000000 51103 6450
 114082  1 0.05000000 51133 6450
 114087  1 0.01000000 51133 6450
 114089  1 0.05000000 51133 6450
 114096  1 0.08333333 51133 6270
 114099  2 0.01449275 51133 6270 0.05000000 24037 6270
 114113  1 0.05000000 24037 6110
 114114  1 0.12500000 24037 5881
 114115  1 0.12500000 24037 5881
 114116  1 0.50000000 24037 5881
 114117  1 0.12500000 24037 5881
 114119  1 0.07692308 24037 5880
 114123  1 0.07692308 24037 5880
 114124  1 0.07692308 24037 5880
 114125  1 0.07692308 24037 5880
 114126  1 0.07692308 24037 5880
 114134  1 0.06250000 24037 4956
 114136  1 0.06250000 24037 4956
 114140  1 0.10000000 24009 4923
 114214  1 0.02500000 24003 3963
 114220  1 0.02272727 24005 3964
 114222  1 0.18750000 24005 3742
 114226  1 0.11111111 24005 3820
 114227  1 0.03703704 24005 3820
 114237  1 0.66666667 24025 3253
 114248  1 0.02000000 24025 3161
 114257  1 0.01000000 24015 2940
 115014  1 0.05000000 51810 7660
 115027  1 0.02500000 51650 7370
 115030  2 0.02500000 51650 7370 0.06250000 51735 7370
 115035  1 0.06250000 51735 7370
 115045  1 0.01851852 51073 7230
 115046  1 0.01851852 51073 7230
 115051  1 0.00476190 51115 6870
 115052  1 0.03333333 51115 6870
 115053  1 0.06666667 51115 6870
 115054  1 0.10000000 51115 6870
 115060  1 0.10000000 51115 6870
 115061  1 0.00476190 51115 6870
 115064  1 0.01587302 51119 6581
 115066  1 0.04000000 51119 6530
 115073  1 0.00378788 51103 6530
 115075  1 0.20000000 51103 6450
 115076  1 0.20000000 51103 6450
 115078  1 0.02000000 51103 6450
 115079  1 0.01000000 51133 6450
 115082  1 0.01000000 51133 6450
 115087  1 0.01000000 51133 6450
 115088  1 0.01000000 51133 6450
 115089  1 0.01000000 51133 6450
 115096  1 0.01449275 51133 6270
 115099  2 0.01449275 51133 6270 0.05000000 24037 6270
 115120  1 0.07692308 24037 5880
 115121  1 0.07692308 24037 5880
 115122  1 0.07692308 24037 5880
 115134  1 0.06250000 24037 4956
 115136  1 0.06250000 24037 4956
 115140  1 0.10000000 24009 4923
 115214  1 0.02500000 24003 3963
 115221  1 0.02272727 24005 3964
 115223  1 0.01388889 24005 3820
 115224  1 0.03703704 24005 3820
 115226  1 0.03703704 24005 3820
 115229  1 0.25000000 24005 3540
 115237  4 0.05000000 24025 3251 0.05000000 24025 3252 0.33333333 24025 3253 1.00000000 24025 3250
 115246  1 0.90000000 24025 3161
 115247  1 0.02000000 24025 3161
 115257  1 0.01000000 24015 2940
 116013  1 0.05000000 51810 7660
 116027  1 0.02500000 51650 7370
 116030  2 0.02500000 51650 7370 0.06250000 51735 7370
 116033  1 0.06250000 51735 7370
 116034  1 0.06250000 51735 7370
 116050  1 0.00476190 51115 6870
 116058  1 0.03333333 51115 6870
 116060  1 0.00476190 51115 6870
 116061  1 0.00476190 51115 6870
 116064  1 0.01587302 51119 6581
 116066  1 0.04000000 51119 6530
 116073  1 0.00378788 51103 6530
 116075  1 0.10000000 51103 6450
 116079  1 0.01000000 51133 6450
 116082  1 0.01000000 51133 6450
 116083  1 0.01000000 51133 6450
 116084  1 0.01000000 51133 6450
 116085  1 0.01000000 51133 6450
 116086  1 0.01000000 51133 6450
 116089  1 0.01000000 51133 6450
 116096  1 0.01449275 51133 6270
 116098  2 0.01449275 51133 6270 0.05000000 24037 6270
 116134  1 0.06250000 24037 4956
 116136  1 0.06250000 24037 4956
 116140  1 0.10000000 24009 4923
 116180  2 0.02727273 24003 4772 1.00000000 24003 4771
 116214  1 0.02500000 24003 3963
 116222  1 0.01388889 24005 3820
 116224  1 0.01388889 24005 3820
 116225  1 0.03703704 24005 3820
 116227  1 0.03750000 24005 3540
 116228  1 0.15000000 24005 3540
 116230  1 0.15000000 24005 3540
 116233  2 0.75000000 24005 3671 1.00000000     0 3670
 116236  2 0.20000000 24025 3251 1.00000000     0 3330
 116237  1 0.15000000 24025 3252
 116247  1 0.02000000 24025 3162
 116257  1 0.01000000 24015 2940
 117003  1 0.10000000 51810 7870
 117004  1 0.50000000 51810 7790
 117005  1 0.50000000 51810 7790
 117006  1 0.00625000 51810 7660
 117012  1 0.60000000 51810 7660
 117027  1 0.02500000 51650 7370
 117030  2 0.02500000 51650 7370 0.06250000 51735 7370
 117032  1 0.06250000 51735 7370
 117049  1 0.00476190 51115 6870
 117058  1 0.00476190 51115 6870
 117060  1 0.00476190 51115 6870
 117062  1 0.00476190 51115 6870
 117064  1 0.01587302 51119 6581
 117066  1 0.04000000 51119 6530
 117073  1 0.00378788 51103 6530
 117076  1 0.02000000 51103 6450
 117080  1 0.01000000 51133 6450
 117081  1 0.01000000 51133 6450
 117089  1 0.05000000 51133 6450
 117096  1 0.01449275 51133 6270
 117098  2 0.01449275 51133 6270 0.05000000 24037 6270
 117135  1 0.06250000 24037 4956
 117141  1 0.10000000 24009 4923
 117148  1 0.07692308 24009 4922
 117149  1 0.07692308 24009 4922
 117150  1 0.07692308 24009 4922
 117151  1 0.07692308 24009 4922
 117152  1 0.07692308 24009 4922
 117153  1 0.07692308 24009 4922
 117154  1 0.07692308 24009 4922
 117155  1 0.07692308 24009 4922
 117156  1 0.07692308 24009 4922
 117157  1 0.07692308 24009 4922
 117158  1 0.07692308 24009 4922
 117159  1 0.07692308 24009 4922
 117160  1 0.98000000 24009 4921
 117178  1 0.05454545 24003 4772
 117179  1 0.20000000 24003 4772
 117180  1 0.05454545 24003 4772
 117197  2 0.66666667 24003 4421 1.00000000 24003 4420
 117212  1 0.75000000 24003 3963
 117213  1 0.02500000 24003 3963
 117222  1 0.01388889 24005 3820
 117224  1 0.01388889 24005 3820
 117227  1 0.03750000 24005 3540
 117229  1 0.03750000 24005 3540
 117233  1 0.25000000 24005 3671
 117237  2 0.10000000 24025 3251 0.05000000 24025 3252
 117248  1 0.02000000 24025 3162
 117257  1 0.01000000 24015 2940
 118006  1 0.00625000 51810 7660
 118012  1 0.03000000 51810 7660
 118028  1 0.02500000 51650 7370
 118030  1 0.02500000 51650 7370
 118031  1 0.06250000 51735 7370
 118049  1 0.00476190 51115 6870
 118058  1 0.03333333 51115 6870
 118059  1 0.00476190 51115 6870
 118060  1 0.00476190 51115 6870
 118063  1 0.00476190 51115 6870
 118064  1 0.01587302 51119 6581
 118066  1 0.01587302 51119 6581
 118073  1 0.00378788 51103 6530
 118076  1 0.02000000 51103 6450
 118089  1 0.01000000 51133 6450
 118096  1 0.01449275 51133 6270
 118098  2 0.01449275 51133 6270 0.05000000 24037 6270
 118142  1 0.10000000 24009 4923
 118143  1 0.10000000 24009 4923
 118144  1 0.10000000 24009 4923
 118145  1 0.10000000 24009 4923
 118146  1 0.10000000 24009 4923
 118147  1 0.07692308 24009 4922
 118161  1 0.02000000 24009 4921
 118171  1 0.02777778 24009 4772
 118172  1 0.02777778 24009 4772
 118173  1 0.02777778 24009 4772
 118174  1 0.83333333 24009 4772
 118177  1 0.05454545 24003 4772
 118181  1 0.05454545 24003 4772
 118188  1 0.71428571 24003 4770
 118197  2 0.33333333 24003 4421 0.08333333 24003 4422
 118205  1 1.00000000 24003 4390
 118213  1 0.02500000 24003 3963
 118222  1 0.01388889 24005 3820
 118224  1 0.01388889 24005 3820
 118227  1 0.03750000 24005 3540
 118229  1 0.03750000 24005 3540
 118233  4 0.20000000 24025 3540 0.03750000 24005 3540 1.00000000     0 3481 1.00000000     0 3482
 118237  2 0.05000000 24025 3251 0.05000000 24025 3252
 118248  1 0.02000000 24025 3162
 118249  1 0.02000000 24025 3162
 118258  1 0.03333333 24015 3050
 118259  1 0.06666667 24015 3050
 118260  1 0.06666667 24015 3050
 118261  1 0.16666667 24015 3050
 118262  2 0.16666667 24015 3050 0.50000000     0 2810
 119007  1 0.00625000 51810 7660
 119011  1 0.03000000 51810 7660
 119029  1 0.02500000 51650 7370
 119048  1 0.00476190 51115 6870
 119058  1 0.00476190 51115 6870
 119060  1 0.00476190 51115 6870
 119062  1 0.00476190 51115 6870
 119065  1 0.01587302 51119 6581
 119074  1 0.00378788 51103 6530
 119075  1 0.02000000 51103 6450
 119089  1 0.01000000 51133 6450
 119096  1 0.01449275 51133 6270
 119097  2 0.01449275 51133 6270 0.05000000 24037 6270
 119162  1 0.04761905 24009 4920
 119163  1 0.04761905 24009 4920
 119164  1 0.04761905 24009 4920
 119165  1 0.04761905 24009 4920
 119169  1 0.04761905 24009 4920
 119170  1 0.02777778 24009 4772
 119175  1 0.02777778 24009 4772
 119176  1 0.02777778 24009 4772
 119182  1 0.05454545 24003 4772
 119188  1 0.14285714 24003 4770
 119193  2 0.75000000 24003 4603 1.00000000 24003 4600
 119196  1 0.75000000 24003 4422
 119197  1 0.16666667 24003 4422
 119205  2 0.62500000 24003 4392 0.28571429 24003 4391
 119211  1 0.02500000 24003 3963
 119212  1 0.02500000 24003 3963
 119223  1 0.01388889 24005 3820
 119228  1 0.03750000 24005 3540
 119230  1 0.03750000 24005 3540
 119231  1 0.07500000 24005 3540
 119232  1 0.07500000 24005 3540
 119233  1 0.10000000 24025 3540
 119235  1 0.20000000 24025 3251
 119236  1 0.05000000 24025 3251
 119237  1 0.05000000 24025 3252
 119248  1 0.04000000 24025 3162
 119250  1 0.02000000 24025 3162
 119261  1 0.11666667 24015 3050
 119262  2 0.16666667 24015 3050 0.50000000     0 2810
 120007  1 0.00625000 51810 7660
 120011  1 0.03000000 51810 7660
 120048  1 0.00476190 51115 6870
 120050  1 0.06666667 51115 6870
 120058  1 0.00476190 51115 6870
 120061  1 0.00476190 51115 6870
 120090  1 0.01000000 51133 6450
 120091  1 0.01000000 51133 6450
 120094  1 0.01000000 51133 6450
 120095  1 0.01449275 51133 6270
 120166  1 0.04761905 24009 4920
 120167  1 0.66666667 24009 4920
 120168  1 0.04761905 24009 4920
 120182  1 0.05454545 24003 4772
 120188  1 0.07142857 24003 4770
 120189  1 0.94000000 24003 4602
 120193  2 0.25000000 24003 4603 0.40000000 24003 4601
 120197  1 0.16666667 24003 4423
 120205  1 0.02500000 24003 4392
 120206  1 0.42857143 24003 4391
 120210  1 0.02500000 24003 3963
 120233  1 0.10000000 24025 3540
 120236  1 0.05000000 24025 3251
 120237  1 0.05000000 24025 3252
 120240  1 0.07500000 24025 3252
 120248  1 0.04000000 24025 3162
 120250  1 0.02000000 24025 3162
 120260  1 0.05000000 24015 3050
 121007  1 0.00625000 51810 7660
 121011  1 0.03000000 51810 7660
 121047  1 0.00476190 51115 6870
 121050  1 0.00476190 51115 6870
 121055  1 0.10000000 51115 6870
 121056  1 0.00476190 51115 6870
 121057  1 0.00476190 51115 6870
 121092  1 0.01000000 51133 6450
 121093  1 0.01000000 51133 6450
 121183  1 0.20000000 24003 4772
 121188  2 0.07142857 24003 4770 0.02000000 24003 4602
 121192  1 0.20000000 24003 4601
 121193  1 0.20000000 24003 4601
 121197  1 0.16666667 24003 4423
 121205  1 0.12500000 24003 4392
 121209  1 0.07142857 24003 4391
 121230  1 0.04000000 24025 3540
 121232  1 0.10000000 24025 3540
 121233  1 0.20000000 24025 3540
 121236  1 0.05000000 24025 3251
 121237  1 0.05000000 24025 3252
 121240  1 0.07500000 24025 3252
 121248  1 0.12000000 24025 3162
 121250  1 0.02000000 24025 3162
 121258  1 0.03333333 24015 3050
 121260  1 0.06666667 24015 3050
 122008  1 0.00625000 51810 7660
 122011  1 0.03000000 51810 7660
 122046  1 0.00476190 51115 6870
 122049  1 0.00476190 51115 6870
 122050  1 0.00476190 51115 6870
 122053  1 0.10000000 51115 6870
 122054  1 0.00476190 51115 6870
 122184  1 0.05454545 24003 4772
 122185  1 0.05454545 24003 4772
 122188  1 0.02727273 24003 4772
 122189  1 0.02000000 24003 4602
 122190  1 0.02000000 24003 4602
 122191  1 0.10000000 24003 4601
 122193  1 0.10000000 24003 4601
 122197  1 0.16666667 24003 4423
 122205  1 0.02500000 24003 4392
 122206  1 0.07142857 24003 4391
 122207  1 0.07142857 24003 4391
 122208  1 0.07142857 24003 4391
 122228  1 0.04000000 24025 3540
 122229  1 0.04000000 24025 3540
 122231  1 0.10000000 24025 3540
 122236  1 0.05000000 24025 3251
 122237  1 0.05000000 24025 3252
 122240  1 0.05000000 24025 3252
 122243  1 0.20000000 24025 3162
 122248  1 0.30000000 24025 3162
 122250  1 0.02000000 24025 3162
 122257  1 0.01333333 24015 3130
 122259  1 0.06666667 24015 3050
 123009  1 0.00625000 51810 7660
 123010  1 0.00625000 51810 7660
 123047  1 0.00476190 51115 6870
 123048  1 0.00476190 51115 6870
 123051  1 0.00476190 51115 6870
 123052  1 0.00476190 51115 6870
 123186  1 0.05454545 24003 4772
 123187  1 0.05454545 24003 4772
 123193  1 0.00666667 24003 4423
 123196  1 0.06666667 24003 4423
 123197  1 0.00666667 24003 4423
 123199  1 0.16666667 24003 4423
 123205  1 0.12500000 24003 4392
 123227  1 0.01000000 24025 3251
 123236  1 0.05000000 24025 3251
 123237  1 0.05000000 24025 3252
 123240  1 0.05000000 24025 3252
 123241  1 0.05000000 24025 3252
 123242  1 0.05000000 24025 3252
 123244  1 0.02000000 24025 3162
 123245  1 0.02000000 24025 3162
 123246  1 0.02000000 24025 3162
 123247  1 0.02000000 24025 3162
 123248  1 0.02000000 24025 3162
 123250  1 0.02000000 24025 3162
 123257  1 0.01333333 24015 3130
 124193  1 0.00666667 24003 4423
 124196  1 0.06666667 24003 4423
 124198  1 0.00666667 24003 4423
 124199  1 0.00666667 24003 4423
 124204  1 0.02500000 24003 4392
 124227  1 0.01000000 24025 3251
 124236  1 0.05000000 24025 3251
 124238  1 0.05000000 24025 3252
 124239  1 0.05000000 24025 3252
 124249  1 0.02000000 24025 3162
 124256  1 0.01333333 24015 3130
 125194  1 0.00666667 24003 4423
 125195  1 0.00666667 24003 4423
 125200  1 0.10000000 24003 4423
 125204  1 0.02500000 24003 4392
 125228  1 0.01000000 24025 3251
 125229  1 0.01000000 24025 3251
 125230  1 0.01000000 24025 3251
 125231  1 0.01000000 24025 3251
 125232  1 0.01000000 24025 3251
 125233  1 0.01000000 24025 3251
 125234  1 0.01000000 24025 3251
 125235  1 0.01000000 24025 3251
 125255  1 0.01333333 24015 3130
 126199  1 0.03333333 24003 4423
 126203  1 0.02500000 24003 4392
 126254  1 0.01333333 24015 3130
 127200  1 0.00666667 24003 4423
 127201  1 0.00666667 24003 4423
 127202  1 0.00666667 24003 4423
 127226  1 0.02000000 24025 3540
 127251  1 0.01333333 24015 3130
 127252  1 0.01333333 24015 3130
 127253  1 0.01333333 24015 3130
 127254  1 0.01333333 24015 3130
 128225  1 0.02000000 24025 3540
 128227  1 0.02000000 24025 3540
 128250  1 0.01333333 24015 3130
 129226  1 0.02000000 24025 3540
 129250  1 0.01333333 24015 3130
 129258  1 0.23000000 24015 3130
 130251  1 0.01333333 24015 3130
 130252  1 0.01333333 24015 3130
 130253  1 0.01333333 24015 3130
 130254  1 0.05333333 24015 3130
 130255  1 0.05333333 24015 3130
 130256  1 0.05333333 24015 3130
 130257  1 0.05333333 24015 3130
 130258  1 0.02666667 24015 3130
 131259  1 0.01000000 24015 3130
 131260  1 0.08000000 24015 2984
 131261  1 0.08000000 24015 2984
 131262  1 0.08000000 24015 2984
 131263  1 0.08000000 24015 2984
 131264  1 0.32000000 24015 2984
 131265  1 0.08000000 24015 2984
 131266  4 0.08000000 24015 2984 1.00000000 24015 2980 1.00000000 42029 2980 1.00000000 24015 2985
 132232  1 0.01666667 24029 3571
 132233  1 0.01666667 24029 3571
 132234  1 0.01666667 24029 3571
 132235  1 0.01666667 24029 3571
 132236  1 0.01666667 24029 3571
 132239  1 0.01250000 24029 3570
 132240  1 0.20000000 24029 3570
 132241  1 0.01250000 24029 3570
 132261  1 0.04000000 24015 2984
 132262  1 0.04000000 24015 2984
 132263  1 0.04000000 24015 2984
 132264  1 0.02000000 24015 2984
 132265  3 0.02000000 24015 2984 1.00000000 24015 2983 1.00000000 10003 2983
 132266  1 0.02000000 24015 2984
 132267  4 1.00000000 24015 2982 1.00000000 24015 2981 1.00000000 10003 2981 1.00000000     0 2650
 133214  1 0.04166667 24029 4015
 133215  1 0.04166667 24029 4015
 133216  1 0.04166667 24029 4015
 133217  1 0.04166667 24029 4015
 133218  1 0.04166667 24029 4015
 133219  1 0.12500000 24029 4015
 133220  1 0.12500000 24029 4015
 133231  1 0.01666667 24029 3571
 133237  1 0.01250000 24029 3570
 133238  1 0.01250000 24029 3570
 133242  1 0.05000000 24029 3363
 133245  1 0.03125000 24015 3300
 133246  1 0.03125000 24015 3300
 133247  1 0.03125000 24015 3300
 133249  1 0.03125000 24015 3300
 133250  1 0.03125000 24015 3300
 133251  1 0.25000000 24015 3300
 133252  1 0.03125000 24015 3300
 133254  1 0.03125000 24015 3300
 133257  1 0.02777778 24015 3130
 133258  1 0.02777778 24015 3130
 133260  1 0.02000000 24015 2984
 134193  1 0.05882353 24035 4490
 134194  1 0.05882353 24035 4490
 134195  1 0.05882353 24035 4490
 134196  1 0.05882353 24035 4490
 134197  1 0.05882353 24035 4490
 134202  1 0.05882353 24035 4490
 134203  1 0.05882353 24035 4490
 134213  1 0.04166667 24029 4015
 134221  1 0.25000000 24029 4015
 134222  1 0.12500000 24029 4015
 134223  1 0.06250000 24029 4015
 134224  1 0.03125000 24029 4015
 134231  1 0.01666667 24029 3571
 134237  1 0.75000000 24029 3570
 134243  1 0.05000000 24029 3363
 134244  1 0.12500000 24015 3363
 134248  1 0.25000000 24015 3300
 134253  1 0.03125000 24015 3300
 134255  1 0.03571429 24015 3203
 134256  1 0.07142857 24015 3202
 134259  1 0.11111111 24015 3130
 134261  1 0.02000000 24015 3010
 134262  1 0.02000000 24015 3010
 134263  1 0.02000000 24015 3010
 134264  1 0.04000000 24015 3010
 134265  2 0.40000000 24015 3010 0.20000000 10003 3010
 134266  1 0.04000000 24015 3010
 134267  2 0.40000000 24015 3010 0.40000000 10003 3010
 134268  1 0.04000000 24015 3010
 134269  2 0.02000000 24015 3010 0.06666667 10003 3010
 134270  1 0.06666667 10003 3010
 134271  1 0.20000000 10003 3010
 134272  1 0.06666667 10003 3010
 134273  1 0.10000000 10003 2990
 134274  1 0.10000000 10003 2990
 134275  1 0.10000000 10003 2990
 134276  1 0.10000000 10003 2990
 134277  1 0.10000000 10003 2990
 134278  1 0.10000000 10003 2990
 134279  1 0.10000000 10003 2990
 134280  1 0.10000000 10003 2990
 134281  1 0.10000000 10003 2990
 134282  1 0.10000000 10003 2990
 135141  1 0.01136364 24019 5590
 135142  1 0.01136364 24019 5590
 135187  1 0.05882353 24035 4490
 135188  1 0.05882353 24035 4490
 135189  1 0.05882353 24035 4490
 135190  1 0.05882353 24035 4490
 135191  1 0.05882353 24035 4490
 135192  1 0.05882353 24035 4490
 135198  1 0.05882353 24035 4490
 135199  1 0.05882353 24035 4490
 135200  1 0.05882353 24035 4490
 135201  1 0.05882353 24035 4490
 135204  1 0.12500000 24035 4121
 135213  1 0.05000000 24029 4014
 135225  1 0.03125000 24029 4015
 135230  1 0.01666667 24029 3571
 135231  1 0.15000000 24029 3571
 135243  1 0.05000000 24029 3363
 135244  1 0.12500000 24015 3363
 135253  1 0.25000000 24015 3300
 135255  1 0.03571429 24015 3203
 135256  1 0.07142857 24015 3202
 135260  1 0.16666667 24015 3130
 136140  1 0.01136364 24019 5590
 136143  1 0.01136364 24019 5590
 136146  1 0.03125000 24019 5590
 136147  1 0.03125000 24019 5590
 136150  1 0.01666667 24019 4887
 136151  1 0.01666667 24019 4887
 136152  1 0.01666667 24019 4887
 136153  1 0.01666667 24019 4887
 136154  1 0.01666667 24019 4887
 136155  1 0.01666667 24019 4887
 136179  1 0.01785714 24041 4872
 136180  1 0.01785714 24041 4872
 136181  1 0.01785714 24041 4872
 136186  1 0.04166667 24035 4550
 136203  1 0.12500000 24035 4121
 136214  1 0.75000000 24029 4014
 136225  1 1.00000000 24029 3573
 136226  1 0.01666667 24029 3571
 136227  1 0.01666667 24029 3571
 136228  1 0.01666667 24029 3571
 136229  1 0.01666667 24029 3571
 136243  1 0.05000000 24029 3363
 136244  1 0.12500000 24015 3363
 136255  1 0.03571429 24015 3203
 136256  1 0.07142857 24015 3202
 137141  1 0.01136364 24019 5590
 137142  1 0.01136364 24019 5590
 137145  1 0.03125000 24019 5590
 137148  1 0.50000000 24019 4887
 137149  1 0.40000000 24019 4887
 137156  1 0.07142857 24019 5260
 137178  1 0.01785714 24041 4872
 137182  1 0.01785714 24041 4872
 137187  1 0.04166667 24035 4550
 137188  1 0.04166667 24035 4550
 137193  1 0.04166667 24035 4550
 137196  1 0.04166667 24035 4550
 137202  1 0.12500000 24035 4121
 137213  1 0.20000000 24029 4014
 137229  1 0.30000000 24029 3571
 137243  1 0.40000000 24029 3363
 137244  1 0.12500000 24015 3363
 137256  2 0.07142857 24015 3202 0.03571429 24015 3203
 138138  1 0.03333333 24019 5284
 138139  1 0.01136364 24019 5590
 138140  1 0.01136364 24019 5590
 138141  1 0.01136364 24019 5590
 138142  1 0.01136364 24019 5590
 138143  1 0.01136364 24019 5590
 138144  1 0.01136364 24019 5590
 138157  1 0.07142857 24019 5260
 138178  1 0.01785714 24041 4872
 138180  1 0.01785714 24041 4872
 138181  1 0.01785714 24041 4872
 138189  1 0.04166667 24035 4550
 138190  1 0.04166667 24035 4550
 138191  1 0.04166667 24035 4550
 138192  1 0.04166667 24035 4550
 138193  1 0.04166667 24035 4550
 138196  1 0.04166667 24035 4550
 138197  1 0.04166667 24035 4550
 138201  1 0.12500000 24035 4121
 138212  1 0.01666667 24029 4120
 138213  1 0.01666667 24029 4120
 138229  2 0.35000000 24029 3571 1.00000000 24029 3572
 138243  1 0.05000000 24029 3363
 138244  1 0.12500000 24015 3363
 138256  2 0.07142857 24015 3202 0.03571429 24015 3203
 139134  1 0.03333333 24019 5284
 139135  1 0.03333333 24019 5284
 139136  1 0.03333333 24019 5284
 139137  1 0.03333333 24019 5284
 139157  1 0.07142857 24019 5260
 139174  1 0.01785714 24041 4872
 139175  1 0.01785714 24041 4872
 139176  1 0.01785714 24041 4872
 139179  1 0.01785714 24041 4872
 139194  1 0.04166667 24035 4550
 139195  1 0.04166667 24035 4550
 139196  1 0.04166667 24035 4550
 139201  1 0.12500000 24035 4121
 139208  1 0.01666667 24029 4120
 139209  1 0.01666667 24029 4120
 139210  1 0.01666667 24029 4120
 139211  1 0.01666667 24029 4120
 139244  2 0.20000000 24029 3363 0.25000000 24015 3363
 139256  2 0.07142857 24015 3202 0.03571429 24015 3203
 140133  1 0.03333333 24019 5284
 140139  1 0.03333333 24019 5284
 140140  1 0.01136364 24019 5590
 140141  1 0.01136364 24019 5590
 140142  1 0.01136364 24019 5590
 140143  1 0.01136364 24019 5590
 140144  1 0.01136364 24019 5590
 140158  1 0.07142857 24019 5260
 140173  1 0.01785714 24041 4872
 140177  1 0.01785714 24041 4872
 140178  1 0.01785714 24041 4872
 140179  1 0.01785714 24041 4872
 140180  1 0.01785714 24041 4872
 140181  1 0.01785714 24041 4872
 140182  1 0.07692308 24041 4550
 140183  1 0.07692308 24041 4550
 140193  1 0.04166667 24035 4550
 140201  1 0.12500000 24035 4121
 140205  1 0.01666667 24029 4120
 140206  1 0.01666667 24029 4120
 140207  1 0.01666667 24029 4120
 140244  4 0.15000000 24029 3363 0.12500000 24015 3363 0.04166667 24015 3360 0.03125000 24029 3360
 140256  2 0.50000000 24015 3202 0.75000000 24015 3203
 141133  1 0.03333333 24019 5284
 141135  1 0.03333333 24019 5284
 141136  1 0.03333333 24019 5284
 141137  1 0.03333333 24019 5284
 141138  1 0.03333333 24019 5284
 141141  1 0.01136364 24019 5590
 141145  1 0.01136364 24019 5590
 141146  1 0.09375000 24019 5590
 141147  1 0.12500000 24019 5590
 141158  1 0.07142857 24019 5260
 141173  1 0.01785714 24041 4872
 141176  1 0.01785714 24041 4872
 141184  1 0.07692308 24041 4550
 141185  1 0.07692308 24041 4550
 141186  1 0.07692308 24041 4550
 141194  1 0.04166667 24035 4550
 141195  1 0.04166667 24035 4550
 141196  1 0.04166667 24035 4550
 141198  1 0.08333333 24035 4610
 141201  1 0.12500000 24035 4121
 141204  1 0.01666667 24029 4120
 141244  1 0.21875000 24029 3360
 141245  1 0.62500000 24015 3360
 141255  2 1.00000000 24015 3200 0.03571429 24015 3203
 141256  2 0.07142857 24015 3202 0.10000000 24015 3201
 142132  1 0.03333333 24019 5284
 142135  1 0.03333333 24019 5284
 142140  1 0.01136364 24019 5590
 142142  1 0.01136364 24019 5590
 142144  1 0.12500000 24019 5590
 142155  1 0.07142857 24019 5260
 142156  1 0.07142857 24019 5260
 142157  1 0.07142857 24019 5260
 142164  1 0.01515152 24019 4883
 142174  1 0.01785714 24041 4872
 142175  1 0.01785714 24041 4872
 142177  1 0.01785714 24041 4872
 142178  1 0.01785714 24041 4872
 142179  1 0.01785714 24041 4872
 142187  1 0.07692308 24041 4550
 142195  1 0.04166667 24035 4550
 142198  1 0.08333333 24035 4610
 142201  1 0.12500000 24035 4121
 142204  1 0.01666667 24029 4120
 142244  2 0.04166667 24015 3360 0.50000000 24029 3360
 142256  1 0.30000000 24015 3201
 143102  1 0.20000000 51001 5890
 143104  1 0.20000000 51001 5890
 143105  1 0.02272727 24039 5890
 143123  1 0.04761905 24019 5763
 143124  1 0.04761905 24019 5763
 143126  1 0.04761905 24019 5763
 143133  1 0.03333333 24019 5284
 143134  1 0.03333333 24019 5284
 143137  1 0.03333333 24019 5284
 143138  1 0.03333333 24019 5284
 143140  1 0.09375000 24019 5590
 143142  1 0.18750000 24019 5590
 143143  1 0.01136364 24019 5590
 143144  1 0.03125000 24019 5590
 143158  2 0.07142857 24019 5260 1.00000000 24019 4886
 143161  1 0.01515152 24019 4883
 143162  1 0.01515152 24019 4883
 143163  1 0.01515152 24019 4883
 143165  1 0.02941176 24019 4888
 143169  1 0.02941176 24019 4888
 143178  1 0.01785714 24041 4872
 143179  1 0.01785714 24041 4872
 143180  1 0.06250000 24041 4872
 143181  1 0.06250000 24041 4872
 143182  1 0.12500000 24041 4872
 143183  1 0.25000000 24041 4872
 143187  1 0.07692308 24041 4550
 143188  1 0.07692308 24041 4550
 143189  1 0.07692308 24041 4550
 143196  1 0.08333333 24035 4610
 143197  1 0.08333333 24035 4610
 143198  1 0.08333333 24035 4610
 143199  1 0.08333333 24035 4610
 143200  1 0.02777778 24035 4120
 143204  1 0.01666667 24029 4120
 143244  2 0.25000000 24015 3360 0.21875000 24029 3360
 143256  1 0.20000000 24015 3201
 144041  1 0.02500000 51131 7060
 144042  1 0.02500000 51131 7060
 144043  1 0.02500000 51131 7060
 144044  1 0.02500000 51131 7060
 144045  1 0.02500000 51131 7060
 144092  1 0.00189394 51001 6190
 144093  1 0.00189394 51001 6190
 144094  1 0.00189394 51001 6190
 144096  1 0.00189394 51001 6190
 144101  1 0.20000000 51001 5890
 144103  1 0.20000000 51001 5890
 144106  1 0.02272727 24039 5890
 144109  1 0.02272727 24039 5890
 144122  1 0.04761905 24019 5763
 144125  1 0.04761905 24019 5763
 144127  1 0.04761905 24019 5763
 144136  1 0.03333333 24019 5284
 144139  1 0.03333333 24019 5284
 144159  1 0.07142857 24019 5260
 144160  1 0.01515152 24019 4883
 144165  1 0.02941176 24019 4888
 144168  1 0.02941176 24019 4888
 144170  1 0.02941176 24019 4888
 144177  1 0.01785714 24041 4872
 144190  1 0.07692308 24041 4550
 144197  1 0.08333333 24035 4610
 144201  1 0.08333333 24035 4120
 144204  1 0.01666667 24029 4120
 144244  4 0.20000000 24029 3362 0.10000000 24015 3360 0.04166667 24015 3360 0.03125000 24029 3360
 144256  2 1.00000000 10003 3210 0.40000000 24015 3201
 145016  1 0.02000000 51131 7130
 145017  1 0.02000000 51131 7130
 145034  1 0.05000000 51131 7220
 145035  1 0.05000000 51131 7220
 145036  1 0.05000000 51131 7220
 145038  1 0.02500000 51131 7060
 145040  1 0.02500000 51131 7060
 145046  1 0.02500000 51131 7060
 145091  1 0.00189394 51001 6190
 145095  1 0.00189394 51001 6190
 145097  1 0.00189394 51001 6190
 145102  1 0.20000000 51001 5890
 145106  1 0.02272727 24039 5890
 145108  1 0.02272727 24039 5890
 145110  1 0.02272727 24039 5890
 145123  1 0.04761905 24019 5763
 145124  1 0.04761905 24019 5763
 145125  1 0.04761905 24019 5763
 145128  1 0.04761905 24019 5763
 145134  1 0.03333333 24019 5284
 145137  1 0.03333333 24019 5284
 145138  1 0.03333333 24019 5284
 145160  1 0.07142857 24019 5260
 145161  1 0.01515152 24019 4883
 145162  1 0.01515152 24019 4883
 145163  1 0.33333333 24019 4883
 145166  1 0.02941176 24019 4888
 145167  1 0.02941176 24019 4888
 145169  1 0.02941176 24019 4888
 145177  1 0.02500000 24041 4870
 145189  1 0.07692308 24041 4550
 145197  1 0.08333333 24035 4610
 145201  1 0.16666667 24035 4120
 145204  1 0.01666667 24029 4120
 145244  2 0.30000000 24029 3362 0.40000000 24015 3360
 146014  1 0.02000000 51131 7130
 146015  1 0.02000000 51131 7130
 146018  1 0.02000000 51131 7130
 146029  1 0.04000000 51131 7220
 146030  1 0.04000000 51131 7220
 146031  1 0.04000000 51131 7220
 146033  1 0.05000000 51131 7220
 146037  1 0.25000000 51131 7060
 146039  1 0.02500000 51131 7060
 146040  1 0.02500000 51131 7060
 146047  1 0.16666667 51131 6920
 146048  1 0.04761905 51131 6920
 146051  1 0.04761905 51131 6920
 146052  1 0.04761905 51131 6920
 146053  1 0.04761905 51131 6920
 146054  1 0.04761905 51131 6920
 146092  1 0.00189394 51001 6190
 146093  1 0.00189394 51001 6190
 146094  1 0.00189394 51001 6190
 146096  1 0.00189394 51001 6190
 146103  1 0.02272727 24039 5890
 146104  1 0.02272727 24039 5890
 146105  1 0.02272727 24039 5890
 146106  1 0.02272727 24039 5890
 146107  1 0.02272727 24039 5890
 146108  1 0.02272727 24039 5890
 146110  1 0.02272727 24039 5890
 146112  1 0.02272727 24039 5890
 146113  1 0.02272727 24039 5890
 146118  1 0.01666667 24039 5890
 146120  1 0.01666667 24039 5890
 146121  1 0.01666667 24039 5890
 146124  1 0.04761905 24019 5763
 146125  1 0.04761905 24019 5763
 146126  1 0.04761905 24019 5763
 146128  1 0.04761905 24019 5763
 146132  1 0.03333333 24019 5284
 146133  1 0.03333333 24019 5284
 146135  1 0.03333333 24019 5284
 146136  1 0.03333333 24019 5284
 146137  1 0.03333333 24019 5284
 146138  1 0.03333333 24019 5284
 146160  1 0.07142857 24019 5260
 146161  1 0.01515152 24019 4883
 146169  1 0.02941176 24019 4888
 146177  1 0.02500000 24041 4870
 146179  1 0.20000000 24041 4870
 146188  1 0.07692308 24041 4550
 146196  1 0.08333333 24035 4610
 146197  1 0.08333333 24035 4610
 146201  1 0.08333333 24035 4120
 146204  1 0.01666667 24029 4120
 146244  5 0.50000000 24029 3362 0.50000000 24015 3360 1.00000000 10003 3361 1.00000000 24015 3361 1.00000000 24029 3361
 147013  1 0.02000000 51131 7130
 147017  1 0.02000000 51131 7130
 147026  1 0.02222222 51131 7220
 147027  1 0.04000000 51131 7220
 147028  1 0.04000000 51131 7220
 147032  1 0.20000000 51131 7220
 147039  1 0.25000000 51131 7060
 147040  1 0.25000000 51131 7060
 147049  1 0.16666667 51131 6920
 147050  1 0.04761905 51131 6920
 147055  1 0.02500000 51131 6610
 147056  1 0.02500000 51131 6610
 147057  1 0.02500000 51131 6610
 147058  1 0.02500000 51131 6610
 147102  1 0.02272727 24039 5890
 147108  1 0.02272727 24039 5890
 147109  1 0.02272727 24039 5890
 147110  1 0.02272727 24039 5890
 147111  1 0.02272727 24039 5890
 147114  1 0.02272727 24039 5890
 147117  1 0.01666667 24039 5890
 147119  1 0.01666667 24039 5890
 147122  1 0.01666667 24039 5890
 147123  1 0.04761905 24019 5763
 147129  1 0.04761905 24019 5763
 147131  1 0.03333333 24019 5284
 147159  1 0.07142857 24019 5260
 147161  2 0.01515152 24019 4883 0.07142857 24019 5260
 147170  1 0.02941176 24019 4888
 147178  1 0.02500000 24041 4870
 147180  1 0.30000000 24041 4870
 147187  1 0.07692308 24041 4550
 147195  1 0.08333333 24035 4610
 147201  1 0.02777778 24035 4120
 147204  1 0.03125000 24029 4120
 148014  1 0.02000000 51131 7130
 148015  1 0.02000000 51131 7130
 148016  1 0.02000000 51131 7130
 148017  1 0.02000000 51131 7130
 148018  1 0.02222222 51131 7220
 148019  1 0.02222222 51131 7220
 148020  1 0.02222222 51131 7220
 148021  1 0.02222222 51131 7220
 148022  1 0.02222222 51131 7220
 148023  1 0.02222222 51131 7220
 148024  1 0.02222222 51131 7220
 148025  1 0.02222222 51131 7220
 148032  1 0.20000000 51131 7220
 148050  1 0.04761905 51131 6920
 148055  1 0.15000000 51131 6610
 148059  1 0.02500000 51131 6610
 148103  1 0.02272727 24039 5890
 148104  1 0.02272727 24039 5890
 148114  1 0.02272727 24039 5890
 148117  1 0.01666667 24039 5890
 148122  1 0.01666667 24039 5890
 148124  1 0.04761905 24019 5763
 148125  1 0.04761905 24019 5763
 148127  1 0.04761905 24019 5763
 148128  1 0.04761905 24019 5763
 148131  1 0.08333333 24019 5283
 148159  1 0.04166667 24019 4885
 148161  1 0.04166667 24019 4885
 148162  2 0.01515152 24019 4883 0.25000000 24019 4884
 148163  1 0.16666667 24019 4883
 148164  1 0.01515152 24019 4883
 148168  1 0.02941176 24019 4888
 148169  1 0.02941176 24019 4888
 148177  1 0.02500000 24041 4870
 148179  1 0.20000000 24041 4870
 148187  1 0.05000000 24041 4873
 148191  1 0.04166667 24035 4550
 148192  1 0.04166667 24035 4550
 148193  1 0.04166667 24035 4550
 148194  1 0.08333333 24035 4610
 148201  1 0.02777778 24035 4120
 148204  1 0.03125000 24029 4120
 149015  1 0.02000000 51131 7130
 149050  1 0.33333333 51131 6920
 149055  1 0.20000000 51131 6610
 149060  1 0.02500000 51131 6610
 149062  1 0.01562500 51001 6610
 149105  1 0.02272727 24039 5890
 149112  1 0.02272727 24039 5890
 149113  1 0.02272727 24039 5890
 149116  1 0.01666667 24039 5890
 149119  1 0.01666667 24039 5890
 149120  1 0.01666667 24039 5890
 149122  1 0.01666667 24039 5890
 149126  1 0.04761905 24019 5763
 149132  1 0.33333333 24019 5283
 149158  1 0.16666667 24019 4885
 149159  1 0.04166667 24019 4885
 149160  1 0.04166667 24019 4885
 149163  1 0.33333333 24019 4883
 149168  1 0.02941176 24019 4888
 149174  1 0.02500000 24041 4870
 149175  1 0.02500000 24041 4870
 149176  1 0.02500000 24041 4870
 149183  1 0.05000000 24041 4873
 149184  1 0.05000000 24041 4873
 149185  1 0.05000000 24041 4873
 149186  1 0.05000000 24041 4873
 149190  1 0.04166667 24035 4550
 149201  1 0.02777778 24035 4120
 149204  1 0.03125000 24029 4120
 150012  1 0.05000000 51131 7130
 150013  1 0.02000000 51131 7130
 150014  1 0.02000000 51131 7130
 150015  1 0.02000000 51131 7130
 150055  1 0.35000000 51131 6610
 150061  2 0.02500000 51131 6610 0.01562500 51001 6610
 150063  1 0.01562500 51001 6610
 150106  1 0.02272727 24039 5890
 150107  1 0.02272727 24039 5890
 150108  1 0.02272727 24039 5890
 150109  1 0.02272727 24039 5890
 150110  1 0.02272727 24039 5890
 150111  1 0.02272727 24039 5890
 150117  1 0.01666667 24039 5890
 150118  1 0.01666667 24039 5890
 150121  1 0.01666667 24039 5890
 150133  1 0.08333333 24019 5283
 150134  1 0.33333333 24019 5283
 150160  1 0.66666667 24019 4885
 150163  1 0.75000000 24019 4884
 150168  1 0.02941176 24019 4888
 150173  1 0.02500000 24041 4870
 150176  1 0.10000000 24041 4870
 150183  1 0.05000000 24041 4873
 150184  1 0.15000000 24041 4873
 150185  1 0.05000000 24041 4873
 150186  1 0.15000000 24041 4873
 150187  1 0.05000000 24041 4873
 150188  1 0.10000000 24041 4873
 150189  1 0.05555556 24041 4474
 150190  1 0.05555556 24041 4474
 150191  1 0.05000000 24035 4474
 150192  1 0.12000000 24035 4474
 150193  1 0.12000000 24035 4474
 150194  1 0.05000000 24035 4474
 150195  1 0.20000000 24035 4473
 150196  1 0.80000000 24035 4473
 150200  2 0.16666667 24035 4120 1.00000000 24035 4472
 150205  1 0.03125000 24029 4120
 150206  1 0.12500000 24029 4120
 151011  1 0.05000000 51131 7130
 151061  2 0.02500000 51131 6610 0.01562500 51001 6610
 151063  1 0.01562500 51001 6610
 151064  1 0.05000000 51001 6610
 151065  1 0.01562500 51001 6610
 151135  1 0.08333333 24019 5283
 151136  2 0.04166667 24019 5280 0.08333333 24019 5283
 151137  1 0.08333333 24019 5280
 151138  1 0.87500000 24019 5280
 151169  1 0.02941176 24019 4888
 151173  1 0.02083333 24041 4874
 151183  1 0.10000000 24041 4873
 151191  2 0.05555556 24041 4474 0.06000000 24035 4474
 151194  1 0.12000000 24035 4474
 151201  1 0.02777778 24035 4120
 151204  1 0.02500000 24029 4013
 152010  1 0.05000000 51131 7130
 152061  2 0.05000000 51131 6610 0.05000000 51001 6610
 152063  1 0.01562500 51001 6610
 152066  1 0.01562500 51001 6610
 152138  1 1.00000000 24019 5151
 152169  1 0.02941176 24019 4888
 152172  1 0.30000000 24041 4871
 152173  1 0.02083333 24041 4874
 152174  1 0.08333333 24041 4874
 152175  1 0.37500000 24041 4874
 152176  1 0.50000000 24041 4874
 152183  2 0.10000000 24041 4873 1.00000000 24041 4700
 152191  2 0.33333333 24041 4474 0.06000000 24035 4474
 152194  1 0.12000000 24035 4474
 152201  1 0.02777778 24035 4120
 152204  1 0.02500000 24029 4013
 152205  1 0.05000000 24029 4013
 152206  1 0.10000000 24029 4013
 152207  1 0.10000000 24029 4013
 152208  1 0.10000000 24029 4013
 152209  2 0.60000000 24029 4013 1.00000000 24029 4012
 153003  1 0.05000000 51131 7130
 153004  1 0.05000000 51131 7130
 153005  1 0.05000000 51131 7130
 153006  1 0.05000000 51131 7130
 153007  1 0.05000000 51131 7130
 153008  1 0.05000000 51131 7130
 153009  1 0.05000000 51131 7130
 153061  2 0.05000000 51131 6610 0.05000000 51001 6610
 153063  1 0.01562500 51001 6610
 153066  1 0.01562500 51001 6610
 153096  1 0.02597403 24039 6011
 153097  1 0.02597403 24039 6011
 153132  1 0.03333333 24019 5282
 153133  1 0.03333333 24019 5282
 153134  1 0.40000000 24019 5282
 153135  1 0.40000000 24019 5282
 153136  1 0.03333333 24019 5282
 153137  1 0.10000000 24019 5281
 153138  1 0.90000000 24019 5281
 153169  1 0.02941176 24019 4888
 153171  1 0.30000000 24041 4871
 153191  2 0.05555556 24041 4474 0.06000000 24035 4474
 153194  1 0.12000000 24035 4474
 153198  2 0.37500000 24035 4471 1.00000000 24035 4260
 153199  1 0.50000000 24035 4471
 153200  1 0.12500000 24035 4471
 153203  1 0.02777778 24029 4120
 153207  1 0.12500000 24029 4011
 154061  1 0.30000000 51001 6610
 154066  1 0.01562500 51001 6610
 154067  1 0.01562500 51001 6610
 154095  1 0.02597403 24039 6011
 154098  1 0.02597403 24039 6011
 154119  1 0.09090909 24039 5891
 154120  1 0.09090909 24039 5891
 154121  1 0.09090909 24039 5891
 154122  1 0.09090909 24039 5891
 154123  1 0.09090909 24039 5891
 154130  1 0.03333333 24019 5282
 154131  1 0.03333333 24019 5282
 154168  1 0.33333333 24019 4888
 154171  1 0.20000000 24041 4871
 154191  1 0.33333333 24041 4474
 154192  2 0.05555556 24041 4474 0.06000000 24035 4474
 154193  2 0.05555556 24041 4474 0.06000000 24035 4474
 154195  2 0.20000000 24041 4470 0.02000000 24035 4470
 154196  2 0.80000000 24041 4470 0.98000000 24035 4470
 154201  1 0.01388889 24035 4120
 154203  1 0.02777778 24029 4120
 154207  1 0.25000000 24029 4011
 155066  1 0.01562500 51001 6610
 155068  1 0.01562500 51001 6610
 155069  1 0.01562500 51001 6610
 155094  1 0.02597403 24039 6011
 155098  1 0.02597403 24039 6011
 155101  1 0.02597403 24039 6011
 155118  1 0.09090909 24039 5891
 155124  1 0.09090909 24039 5891
 155129  1 0.03333333 24019 5282
 155169  1 0.16666667 24019 4888
 155171  1 0.20000000 24041 4871
 155194  2 1.00000000 24041 4475 1.00000000 24035 4475
 155201  1 0.02777778 24035 4120
 155203  1 0.02777778 24029 4120
 155207  1 0.12500000 24029 4011
 156065  1 0.10000000 51001 6610
 156066  1 0.01562500 51001 6610
 156068  1 0.05000000 51001 6610
 156070  1 0.01562500 51001 6550
 156071  1 0.01562500 51001 6550
 156094  1 0.02597403 24039 6011
 156098  1 0.02597403 24039 6011
 156100  1 0.02597403 24039 6011
 156102  1 0.02597403 24039 6011
 156117  1 0.09090909 24039 5891
 156124  1 0.02000000 24039 5763
 156129  1 0.05000000 24019 4593
 156169  1 0.20000000 24019 4881
 156171  1 0.10000000 24041 4882
 156201  1 0.04166667 24035 4120
 156203  1 0.02777778 24029 4120
 156204  1 0.08333333 24029 4120
 156207  2 0.50000000 24029 4011 1.00000000 24029 4010
 157066  1 0.05000000 51001 6610
 157070  1 0.06250000 51001 6550
 157072  1 0.02777778 51001 6480
 157094  1 0.02597403 24039 6011
 157095  1 0.02597403 24039 6011
 157098  1 0.16883117 24039 6011
 157099  1 0.02597403 24039 6011
 157102  1 0.02597403 24039 6011
 157117  1 0.09090909 24039 5891
 157124  1 0.04000000 24039 5763
 157130  1 0.05000000 24019 4593
 157131  1 0.10000000 24019 4593
 157132  1 0.10000000 24019 4593
 157133  1 0.10000000 24019 4593
 157134  1 0.10000000 24019 4593
 157135  1 0.10000000 24019 4593
 157136  1 0.10000000 24019 4593
 157137  1 0.20000000 24019 4593
 157138  2 0.10000000 24019 4593 1.00000000 24019 4592
 157139  7 0.06000000 10005 4630 1.00000000 24019 4630 1.00000000 24019 4591 1.00000000 10005 4591 1.00000000 24011 4591 1.00000000 24011 4630 1.00000000     0 4590
 157140  1 0.20000000 10005 4630
 157141  4 0.60000000 10005 4630 1.00000000 10005 4631 1.00000000 10005 4632 1.00000000     0 4562
 157169  1 0.10000000 24019 4881
 157171  1 0.10000000 24041 4882
 157201  1 0.05555556 24035 4120
 157202  1 0.02777778 24029 4120
 158066  1 0.10000000 51001 6610
 158070  1 0.31250000 51001 6550
 158073  1 0.02777778 51001 6480
 158093  1 0.02597403 24039 6011
 158099  1 0.16883117 24039 6011
 158102  1 0.02597403 24039 6011
 158118  1 0.09090909 24039 5891
 158119  1 0.09090909 24039 5891
 158124  1 0.04000000 24039 5763
 158139  1 0.02000000 10005 4630
 158169  1 0.20000000 24019 4881
 158171  1 0.50000000 24041 4882
 158201  1 0.05555556 24035 4120
 158202  1 0.05555556 24029 4120
 159070  1 0.06250000 51001 6550
 159073  1 0.11111111 51001 6480
 159075  1 0.02777778 51001 6480
 159093  1 0.02597403 24039 6011
 159102  1 0.02597403 24039 6011
 159117  1 0.09090909 24039 5892
 159124  1 0.04000000 24039 5763
 159128  1 0.01111111 24045 5761
 159129  1 0.01111111 24045 5761
 159130  1 0.03846154 24045 4593
 159131  1 0.07692308 24045 4593
 159132  1 0.07692308 24045 4593
 159133  2 1.00000000 24045 4596 0.07692308 24045 4593
 159134  1 0.07692308 24045 4593
 159135  3 1.00000000 24045 5040 0.03846154 24045 4593 1.00000000 24045 4595
 159136  1 0.07692308 24045 4593
 159137  3 1.00000000 24045 4594 0.15384615 24045 4593 0.90000000 10005 4594
 159138  1 0.23076923 24045 4593
 159139  4 0.12000000 10005 4630 0.15384615 24045 4593 0.10000000 10005 4594 1.00000000 24045 4630
 159140  1 0.08333333 10005 4633
 159141  1 0.91666667 10005 4633
 159169  1 0.20000000 24019 4881
 159171  1 0.05000000 24041 4882
 159201  1 0.05555556 24035 4120
 159202  1 0.02777778 24029 4120
 160070  1 0.53125000 51001 6550
 160074  1 0.02777778 51001 6480
 160076  1 0.02777778 51001 6480
 160094  1 0.16883117 24039 6011
 160102  1 0.03000000 24039 6003
 160117  1 0.09090909 24039 5892
 160124  1 0.04000000 24039 5763
 160127  1 0.01111111 24045 5761
 160168  1 0.30000000 24019 4881
 160171  1 0.06666667 24041 4882
 160201  1 0.04166667 24035 4120
 160202  1 0.08333333 24029 4120
 161074  1 0.11111111 51001 6480
 161076  1 0.02777778 51001 6480
 161077  1 0.02777778 51001 6480
 161079  1 0.00892857 51001 6190
 161080  1 0.00892857 51001 6190
 161093  1 0.01526718 24039 6010
 161094  1 0.09923664 24039 6010
 161095  1 0.09923664 24039 6010
 161101  1 0.03000000 24039 6003
 161106  1 0.11111111 24039 5893
 161107  1 0.11111111 24039 5893
 161108  1 0.11111111 24039 5893
 161116  1 0.09090909 24039 5892
 161124  1 0.08000000 24039 5763
 161128  1 0.07777778 24045 5761
 161169  1 0.33333333 24019 4880
 161171  1 0.10000000 24041 4882
 161201  1 0.04166667 24035 4120
 161202  1 0.11111111 24029 4120
 162074  1 0.11111111 51001 6480
 162076  1 0.02777778 51001 6480
 162078  1 0.00892857 51001 6190
 162081  1 0.00892857 51001 6190
 162092  1 0.01526718 24039 6010
 162101  1 0.03000000 24039 6003
 162104  1 0.03000000 24039 6003
 162105  1 0.11111111 24039 5893
 162109  1 0.11111111 24039 5893
 162114  1 0.09090909 24039 5892
 162115  1 0.09090909 24039 5892
 162124  1 0.08000000 24039 5763
 162127  1 0.02000000 24039 5763
 162128  1 0.12500000 24039 5761
 162129  2 0.11111111 24045 5761 0.12500000 24039 5761
 162130  2 0.11111111 24045 5761 0.25000000 24039 5761
 162131  2 0.11111111 24045 5761 0.50000000 24039 5761
 162132  3 0.11111111 24045 5761 1.00000000 24039 5762 1.00000000 24045 5762
 162133  1 0.44444444 24045 5761
 162134  2 1.00000000 24045 5760 1.00000000     0 5400
 162169  1 0.50000000 24019 4880
 162171  1 0.06666667 24041 4882
 162200  1 1.00000000 24035 4030
 162201  1 0.10000000 24035 3700
 162202  1 0.06666667 24029 3700
 163074  1 0.11111111 51001 6480
 163076  1 0.11111111 51001 6480
 163081  1 0.00892857 51001 6190
 163092  1 0.09923664 24039 6010
 163101  1 0.03000000 24039 6003
 163103  1 0.03000000 24039 6003
 163109  1 0.11111111 24039 5893
 163113  1 0.09090909 24039 5892
 163124  1 0.40000000 24039 5763
 163125  1 0.12000000 24039 5763
 163126  1 0.12000000 24039 5763
 163169  3 0.16666667 24019 4880 1.00000000 24019 4322 1.00000000 24011 4322
 163171  1 0.01666667 24041 4882
 163202  2 0.06666667 24029 3700 0.25000000 24035 3700
 164074  1 0.22222222 51001 6480
 164081  1 0.00892857 51001 6190
 164091  1 0.01526718 24039 6010
 164100  1 0.11000000 24039 6003
 164101  1 0.03000000 24039 6003
 164102  1 0.03000000 24039 6003
 164109  1 0.11111111 24039 5893
 164113  1 0.09090909 24039 5892
 164114  1 0.09090909 24039 5892
 164115  1 0.09090909 24039 5892
 164169  2 0.20000000 24011 4740 1.00000000 24011 4323
 164171  1 0.75000000 24041 4740
 164202  2 0.06666667 24029 3700 0.10000000 24035 3700
 165081  1 0.00892857 51001 6190
 165086  1 0.01041667 51001 6190
 165091  1 0.01526718 24039 6010
 165100  1 0.05000000 24039 6003
 165110  1 0.11111111 24039 5893
 165112  1 0.09090909 24039 5892
 165169  1 0.20000000 24011 4740
 165171  1 0.18750000 24041 4740
 165202  3 0.20000000 24029 3700 0.10000000 24035 3700 1.00000000 24029 3725
 166081  1 0.22916667 51001 6190
 166082  1 0.08333333 51001 6190
 166085  1 0.01041667 51001 6190
 166087  1 0.01041667 51001 6190
 166089  1 0.01526718 24039 6010
 166090  1 0.01526718 24039 6010
 166091  1 0.29770992 24039 6010
 166100  1 0.15000000 24039 6003
 166110  1 0.11111111 24039 5893
 166112  1 0.09090909 24039 5892
 166169  1 0.25000000 24011 4740
 166171  1 0.06250000 24041 4740
 166202  2 0.20000000 24029 3700 0.10000000 24035 3700
 167083  1 0.02083333 51001 6190
 167085  1 0.16666667 51001 6190
 167087  1 0.01041667 51001 6190
 167088  2 0.09923664 24039 6010 0.50000000     0 6000
 167100  1 0.45000000 24039 6003
 167110  1 0.08000000 24039 6002
 167111  1 0.01000000 24039 6001
 167112  1 0.03000000 24039 6001
 167169  1 0.20000000 24011 4740
 167171  1 0.83333333 24041 4324
 167202  1 0.25000000 24035 3700
 167203  1 0.20000000 24029 3700
 167204  1 1.00000000 24029 3724
 168083  1 0.10416667 51001 6190
 168084  1 0.12500000 51001 6190
 168087  1 0.01041667 51001 6190
 168088  2 0.09923664 24039 6010 0.50000000     0 6000
 168110  1 0.92000000 24039 6002
 168112  1 0.96000000 24039 6001
 168169  2 0.15000000 24011 4740 0.48000000 24011 4324
 168171  1 0.05555556 24041 4324
 168202  2 0.20000000 24029 3700 0.10000000 24035 3700
 169087  1 0.01041667 51001 6190
 169088  1 0.09923664 24039 6010
 169169  1 0.50000000 24011 4324
 169170  1 0.02000000 24011 4324
 169171  1 0.11111111 24041 4324
 169202  3 0.08333333 24029 3720 0.16666667 24035 3720 1.00000000 24035 3721
 170087  2 0.12500000 51001 6190 0.60000000 51001 5970
 170088  1 0.01526718 24039 6010
 170169  1 0.10000000 24011 4325
 170171  2 0.12500000 24011 4101 0.08333333 24041 4101
 170202  2 0.25000000 24029 3720 0.16666667 24035 3720
 171088  3 0.06666667 24039 5970 0.37500000 24047 5970 0.20000000 51001 5970
 171169  1 0.10000000 24011 4325
 171171  2 0.12500000 24011 4101 0.16666667 24041 4101
 171202  2 0.33333333 24029 3720 0.33333333 24035 3720
 172088  3 0.13333333 24039 5970 0.37500000 24047 5970 0.20000000 51001 5970
 172169  1 0.10000000 24011 4325
 172171  2 0.12500000 24011 4101 0.08333333 24041 4101
 172202  3 0.25000000 24029 3720 0.25000000 24035 3720 1.00000000 24035 3722
 173088  2 0.53333333 24039 5970 0.12500000 24047 5970
 173169  1 0.60000000 24011 4325
 173171  2 0.50000000 24011 4101 0.50000000 24041 4101
 173202  2 0.08333333 24029 3720 0.08333333 24035 3720
 174088  4 0.25000000 24047 5870 0.26666667 24039 5970 0.12500000 24047 5970 1.00000000     0 5570
 174169  2 0.10000000 24011 4321 0.10000000 24011 4325
 174171  4 0.12500000 24011 4101 0.16666667 24041 4101 1.00000000 24035 4101 1.00000000     0 4100
 174202  2 1.00000000     0 3520 1.00000000     0 3830
 175088  1 0.62500000 24047 5870
 175169  2 0.20000000 24011 4321 0.50000000 10001 4326
 176088  5 0.12500000 24047 5870 1.00000000 24047 5660 1.00000000 24047 5271 1.00000000     0 5270 1.00000000     0 5430
 176169  1 0.60000000 24011 4321
 177169  1 0.10000000 24011 4321
 178169  3 1.00000000 24011 4320 0.50000000 10001 4326 0.00000000     0 3980
