     1.763   130.660    207.75    681.39     221.4
     2.167   267.870    529.48    918.14     418.7
     2.503   480.244   1105.71   2128.88     377.1
     1.990   279.523    505.05   1003.13     365.5
     2.527    43.420    100.95   1785.06      41.1
     1.753    60.536     93.35     88.53     765.6
     1.580    32.424     44.84     68.73     473.7
     1.080     5.764      5.36     19.77     196.7
     2.130    64.262    121.43    137.59     640.7
     1.833    37.634     60.81    106.08     416.2
     1.490    27.400     35.64     51.83     499.3
     1.910    63.709    107.44     82.48     945.6
     2.060    96.432    175.97     92.18    1385.9
     1.537    36.009     48.38     41.16     853.3
     1.917    70.117    118.68    224.00     964.5
     2.480   107.000    237.01    191.06     900.6
     2.013    47.845     85.24     76.50     660.3
     2.687   189.826    457.11    158.57    2092.8
     2.390   137.502    293.05    261.00    1115.0
     2.300   126.894    259.80    185.90    1014.6
     1.567    36.616     50.20     68.95     528.6
     1.983   142.019    251.71    310.93     587.7
     2.010    79.428    142.70    412.99     250.9
     2.297    93.131    190.39    209.19     660.8
     1.660   113.339    169.08    561.97     218.4
     2.517   256.662    594.22   2371.82     181.9
     1.597    67.485     96.61    233.67     300.2
     1.917   180.128    312.81    484.45     468.8
     2.197   111.184    222.99   1127.63     143.6
     2.673   192.962    463.93    593.36     567.6
     2.663   205.585    492.37    588.10     607.8
     2.787   349.311    876.16    591.45    1075.5
     2.593   324.693    756.77    490.67    1119.7
     3.227   580.366   1690.80   1160.92    1057.4
     2.877    60.693    157.26    370.76     307.9
     4.073   972.447   3593.94   1295.62    2013.9
     4.103    78.320    291.64   1238.50     171.0
     4.377   285.043   1133.62   1920.34     428.6
     2.880   408.695   1058.19    148.00    1694.9
     7.547   570.873   3959.11  23938.30     120.1
     2.327   140.520    293.16    489.07     435.2
     2.453   230.083    506.72    726.30     506.5
     2.310   104.353    216.12    348.00     204.5
     2.577    87.440    202.46    681.66     215.6
     1.723   202.336    310.89    584.21     386.3
     1.430   103.642    130.41    356.19     265.8
     2.223   143.716    286.23    341.32     608.8
     1.597    45.518     64.46     72.20     648.1
     1.787    38.902     62.13    257.25     175.3
     2.037   110.408    201.06   4040.00     426.0
     2.760   277.493    689.24    492.00     447.0
     2.185    89.074    179.42    325.65     400.0\par
     3.027   315.350    860.62   1092.54     571.9
     2.953   470.668   1252.72    895.61    1015.5
     3.020    42.352    115.32   1816.81      46.1
     2.617   332.943    783.13    420.00     354.1
     2.850    91.116    233.85   1086.68     156.2
     2.653    23.910     57.04    588.80      70.3
     3.127   707.817   1996.90   1009.51    1436.1
     3.500   132.887    420.65   1720.92     177.5
     4.030   578.813   2115.97   1192.97    1287.7
     4.137   316.049   1186.60   2432.63     354.1
     7.287   513.628   3436.90   8190.40     304.6
     6.773   700.781   4352.33   7668.53     412.0
     6.847   283.010   1777.13  13340.65      96.7
     6.967   759.137   4852.13   7339.51     480.0
     6.780   414.605   2577.58  11079.40     168.9
     6.630  1037.064   6301.81   6353.65     720.1
     6.163   791.466   4464.19   8909.94     363.8
     6.407   522.445   3065.60   9023.79     246.6
     6.373   338.599   1976.28   6931.85     207.0
     6.320  1852.815  10721.88   8572.06     908.1
     7.537  2343.914  16233.48   8302.80    1419.5
     7.397   511.402   3474.75   7591.88     332.3
     7.377   124.005    840.23   8798.97      69.3
     1.527   145.708    196.66    289.32     493.5
     1.807   238.771    385.87    423.00     598.7
     1.630   156.320    226.28    295.23     556.5
     1.637    44.803     65.15    178.00     143.6
     1.843   270.986    447.46    586.06     554.3
     1.830   230.723    378.02    332.91     824.4
     1.780   299.446    476.33    442.00     782.4
     1.813   297.053    481.99    386.60     905.1
     1.307    95.012    108.54    107.00     604.8
     1.933   425.706    739.74    242.00     919.9
     1.907   126.825    217.12    400.30     393.8
     1.933    54.805     95.23    369.28     187.2
     2.030   384.919    704.67    433.00     811.6
     1.907   242.036    414.34    646.84     465.1
     2.053    76.725    142.19    474.02     217.8
     1.987   471.557    843.55    547.43    1118.7
     1.997   464.757    835.87    317.00    1093.7
     2.447   167.605    374.54   1235.15     220.1
     2.690  1136.270   2809.70   1210.00    2077.3
     2.787   466.995   1199.11   1133.70     767.9
     2.657   330.192    805.68    912.82     640.8
     2.530   217.944    504.79    478.56     765.8
     2.447   564.533   1261.54    595.56    1537.9
     3.237   478.221   1440.43   1833.16     570.5
     3.003   289.763    805.87   1810.00     378.7
     2.917   109.200    294.37   1486.32     143.8
     3.170   130.732    385.12   1914.05     146.1
     3.693   554.345   1921.72   2125.15     656.5
     4.150  1027.283   4031.60   3435.45     852.0
     4.073   755.402   2906.47   2577.68     818.6
     3.947   210.929    784.71   4333.78     131.5
     1.613    26.636     37.65     58.67     466.0
     2.237   151.543    301.35    159.76    1369.4
     2.503   320.709    721.00    427.01    1225.8
     2.360   228.757    481.12    194.71    1793.9
     1.993    68.158    121.43     60.50     295.8
     2.430   197.444    430.62    478.76     653.0
     3.020   301.121    819.95    517.26    1150.8
     2.653   181.605    433.29    436.47     720.7
     2.387   154.945    331.77    377.92     637.3
     2.127    87.688    166.89     62.50     577.8
     3.000   558.620   1509.29    377.24    2904.6
     3.083   160.209    445.42    307.94    1050.1
     3.270   646.474   1909.22   1105.96    1253.3
     3.377   136.198    416.32    309.79     975.7
     3.540   566.470   1818.99    430.00    2058.2
     3.557    77.583    250.35   1399.85     129.8
     3.757   760.529   2587.88    625.00    1654.4
     4.257   639.599   2489.20    847.49    2132.4
     2.333   172.145    357.78    179.20    1449.5
     3.887    54.326    192.30   1402.85      99.5
     3.600    77.766    254.13    379.18     486.6
     4.103   512.002   1906.48    523.00     693.4
     4.197   482.397   1837.97   1555.20     858.0
     3.003   466.169   1262.20    616.85    1485.5
     4.450   155.853    635.29   1308.33     352.5
     2.800   515.991   1297.28    418.69    2249.5
     1.427   112.124    140.73    283.10     360.9
     1.477    21.061     27.43    183.48     108.5
     1.927   353.057    611.18    530.15     837.0
     1.677   192.187    286.74    305.09     682.3
     1.633   147.309    213.70    394.47     393.3
     1.860   282.194    470.46    409.71     833.6
     2.197   644.994   1284.63    606.00    1568.1
     2.283   572.984   1189.45    628.46    1374.1
     1.947   270.712    473.86    556.19     618.5
     2.333   814.596   1730.58    442.00    1822.1
     2.410  1027.550   2259.65   1410.00    2208.5
     2.490   114.870    261.57   1077.06     176.3
     2.330   713.748   1513.98   1200.00    1339.5
     1.670   244.138    362.73    327.67     803.7
     2.357   280.112    601.41    442.32     987.1
     1.493    88.229    116.29    297.53     283.8
     2.443   407.460    909.25    512.37    1288.4
     2.130   561.946   1082.94    394.15    1994.7
     2.987   206.604    571.19   1167.88     355.1
     2.320   104.385    220.40    601.77     265.9
     3.760   469.014   1657.20   2169.36     554.6
     3.623   993.393   3374.22   2772.62     883.5
     3.357   313.279    980.92   1506.31     472.8
     3.213   690.888   2064.91   1667.09     899.2
     4.550  2089.492   9043.20   3932.31    1669.6
     4.673   277.355   1235.03   4308.33     208.1
     4.703   440.616   1975.34   4966.87     288.7
     4.813   355.147   1631.79   4688.26     252.7
     2.410   129.047    283.78    231.91     888.4
     2.237    59.708    121.24    692.15     127.2
     3.950   269.023   1001.74   1455.78     499.6
     6.237   223.676   1276.95   3167.22     292.7
     3.233   254.950    744.31   1417.18     381.3
     2.257   168.212    340.16    185.00     335.4
     2.547   213.982    489.58    689.96     515.2
     2.430   200.665    437.64    629.54     504.7
     3.160   156.250    445.61    400.01     808.8
     2.467   346.202    766.68   1113.50     499.9
     3.767  1284.126   4381.39   1735.90    1832.4
     3.860   231.753    810.74   1513.39     388.9
     3.407   334.508   1030.07   1269.59     589.0
     3.523   258.016    822.32   1057.89     564.3
     3.777   520.378   1780.33   1679.23     769.7
     2.420   247.029    536.49    554.00     575.2
     2.603   136.694    319.86    615.06     377.6
     3.343   478.514   1445.57   1430.59     733.6
     4.617   314.407   1320.42   2056.19     466.2
     3.937   278.505    994.06   1399.01     515.9
     4.503   236.011    966.35   1305.91     537.2
     5.623   674.544   3464.80   2333.13    1078.1
     5.780   629.009   3322.80   5267.14     458.0
     2.483    59.376    132.40    561.25     171.3
     5.313  1132.364   5489.28   4168.03     956.1
     2.573   333.029    770.09    433.20    1290.6
     5.903   951.683   5136.88   3205.01    1163.6
     2.343   193.702    407.07    165.00     767.9
     1.787   166.099    265.27    383.00     317.4
     2.447   317.429    697.14    356.00     793.9
     3.237   551.856   1612.81   1699.38     689.0
     2.803   373.230    941.89   1040.00     825.8
     2.693   248.329    601.60    548.00     602.7
     3.427   195.607    605.96    984.50     446.9
     2.990   111.702    301.07    931.28     234.7
     2.543   251.759    586.36    884.00     521.8
     2.277   154.553    319.82    722.00     327.0
     3.060   155.275    428.53    677.63     459.1
     2.340   116.932    249.18    770.74     234.7
     3.437   132.797    412.61   1210.55     247.5
     2.407   176.237    380.58    430.09     642.4
     3.333   915.999   2758.72   1780.00    1409.0
     2.763   138.751    353.08    474.00     235.8
     5.237   550.361   2628.64   3145.17     606.8
     5.670  1377.514   7135.54   4640.00     893.3
     2.930   337.670    891.48    604.62    1070.5
     5.900   821.165   4429.79   2907.02    1106.3
     2.633   110.156    260.79    496.47     381.4
     6.007   434.560   2387.51   3345.99     518.0
     6.020   114.238    629.05   5377.06      84.9
     6.207   875.309   4972.55   4152.06     869.5
     1.977   116.916    204.34    259.15     572.4
     1.763    44.451     69.87    259.91     195.2
     1.590    34.027     48.12    129.73     269.3
     1.840    77.328    125.41    183.90     495.1
     1.683    42.536     62.86    178.22     256.1
     1.890    57.828     96.45    160.13     437.3
     1.360    19.106     22.59     63.82     257.0
     1.227     8.137      8.64     25.30     132.0
     1.460     7.830      9.97     92.82      78.0
     1.460    21.888     27.88     75.56     267.8
     1.760    52.203     81.90    169.25     351.3
     1.537    26.966     36.23     98.40     299.2
     1.717    29.404     44.35    109.70     293.5
     2.070   150.522    278.69    463.00     655.3
     2.160   109.782    210.50    565.00     390.1
     2.197    68.492    134.74    419.96     232.9
     1.953    84.049    146.67    256.66     414.9
     2.007   111.119    197.30    188.09     761.5
     2.313   169.796    352.17    547.65     466.9
     2.007    17.182     30.82    471.38      47.5
     1.643    24.289     35.00    157.00     202.2
     2.833   367.739    938.18    690.79     986.0
     2.577   158.046    365.95    420.37     632.0
     2.193   112.176    218.56    263.83     601.4
     2.840   196.977    503.73    489.39     747.3
     2.243    27.695     55.24    212.90     188.4
     3.363   202.965    616.89    651.59     687.3
     1.620    40.777     58.78    190.90     223.5
     2.407   241.847    522.29    366.00     729.2
     2.243   146.566    294.59    383.88     557.1
     2.113   138.354    261.65    603.17     314.9
     2.283   161.321    330.17    540.43     443.5
     1.850   152.751    253.22    281.21     653.7
     2.370   160.116    340.39    531.29     465.1
     2.307   230.839    477.37    504.62     686.8
     2.530    54.862    124.68    428.84     211.1
     2.740   350.259    863.54    556.00     604.5
     2.827    18.569     47.26    358.51      95.7
     1.853   209.939    348.68    367.15     689.5
     3.247   141.656    415.31    409.69     736.0
     3.423   193.745    599.59   1150.93     378.2
     3.283   267.053    791.97   1320.00     485.3
     4.077   500.526   1851.39   2073.75     648.2
     4.413   460.138   1845.60   1817.63     737.2
     6.200   909.936   5469.81  10607.11     374.4
     8.327   598.901   4592.01  13511.71     246.7
     8.293   207.686   1585.92  13816.04      83.3
     8.567  1020.415   8054.10  10134.62     577.0
     8.737  1648.207  13272.75  32482.49     296.7
     8.677   767.974   6141.05   8732.89     510.5
     8.743   283.608   2285.63  38348.32      43.3
     0.957    12.645     10.34     37.34     201.1
     1.400    49.774     61.23    113.71     390.9
     1.767   231.663    365.56    425.06     624.4
     1.993   130.031    233.45    471.50     359.5
     2.157   304.785    595.26    959.65     450.3
     2.760   478.636   1216.40   1016.07     869.1
     2.227   110.929    224.17    564.79     288.2
     2.167   167.662    329.05    443.36     538.8
     1.960    56.598     99.80    279.00     259.7
     1.880   249.011    419.92    342.33     890.5
     3.100  1548.076   4453.13   1232.45    2623.2
     2.433   542.667   1205.63   1567.67     558.3
     2.537    38.637     89.74    820.00     106.0
     2.617   161.626    388.04    731.81     385.0
     2.533  1150.360   2668.13    657.00    2237.0
     3.360   257.067    805.76   1616.50     361.9
     3.633  1544.835   5262.92   2202.12    1735.1
     3.150   126.999    371.61   1090.42     247.4
     3.397   125.258    397.18   1538.06     187.5
     4.537   259.920   1121.44   5393.60     151.0
     4.530  2784.079  11992.96   3408.46    2554.5
     3.840   144.722    522.93   2019.00     188.0
     3.813  1943.310   6970.16   2495.52    2027.8
     1.727   131.031    201.74    461.71     317.2
     2.310   238.158    500.53    764.08     475.6
     2.067   220.501    411.48    532.00     357.9
     1.823   247.832    404.48    303.64     967.1
     1.780   260.278    413.99    344.86     871.5
     1.487   117.808    154.55    204.60     548.4
     1.730    94.608    145.97    269.74     392.9
     1.660   101.907    152.01    190.00     194.9
     1.833   159.679    264.55    795.10     241.6
     2.027    52.135     96.04   1490.54      46.8
     1.733    49.672     77.57    693.81      81.2
     2.453   352.809    790.73    974.98     588.8
     1.580   156.073    218.52    477.30     332.4
     1.123    48.691     47.30    136.03     252.5
     2.340   767.240   1634.81    786.42    1509.2
     1.997   516.210    928.49    390.00    1728.4
     2.167   123.248    241.90    390.79     449.4
     2.340   514.245   1095.74   1010.00    1620.2
     2.273   467.540    972.27   1647.20     428.5
     1.570   126.084    175.34    221.60     574.4
     1.993   310.647    557.69    352.48    1148.7
     1.947   423.194    740.81    388.40    1384.7
     2.323   814.740   1722.97    677.34    1846.7
     2.477   166.647    377.28    622.86     439.8
     2.363    76.185    164.07    658.19     181.0
     2.343   200.182    427.20    552.35     561.5
     2.333   407.117    864.85    379.94    1652.6
     2.147   673.845   1309.53    669.70    1419.6
     2.183   474.857    939.63    311.00    1254.2
     1.823   127.868    210.64    459.00     287.0
     1.513   119.709    160.06    145.62     798.0
     1.890    34.643     59.27    802.07      53.7
     2.360   701.679   1508.76    798.07    1372.5
     2.040   413.001    760.09    771.79     715.0
     1.817   127.819    207.79    406.00     392.0
     2.127   541.614   1042.05    390.35    1938.1
     2.750   191.435    484.64    990.00     513.4
     2.847   335.743    881.87    788.19     812.3
     2.430    69.994    156.17   1331.13      85.2
     2.993   882.878   2446.60   1186.52    1497.0
     2.607  1364.606   3262.96   1207.00    1962.6
     2.420   337.756    746.04   1053.75     514.0
     3.327   295.064    915.09   1291.36     514.5
     3.207    60.084    179.19   3340.00     107.0
     2.987   786.312   2180.98   2146.86     737.5
     3.210    53.842    160.75   1289.40      90.5
     3.710   478.602   1667.18   2133.58     567.3
     3.697  1696.784   5887.98   3280.00    2110.7
     2.710    38.938     97.48   1520.00      26.3
     3.233   495.501   1490.80   2088.64     518.2
     3.613   329.236   1115.01   1691.19     478.7
     4.440   172.932    729.24   3957.54     133.8
     4.963   326.805   1551.32   3350.16     336.2
     4.920    90.360    424.95   3874.02      79.6
     5.010   153.907    737.89   3945.38     135.8
     5.183  1072.906   5333.24   4495.86     861.2
     4.913   610.225   2865.73   3922.56     530.4
     5.083   336.504   1638.43   3676.41     323.5
     4.653   197.916    877.27   3533.94     180.2
     5.350   604.318   3106.55   4079.44     552.9
     5.460  1388.504   7293.51   5223.47    1013.7
     4.603  1264.802   5542.33   3264.12    1232.7
     4.560   301.403   1307.53   3996.31     237.5
     5.460   253.223   1330.17   6395.87     151.0
     5.547   712.636   3806.44   6879.45     401.7
     1.693    34.929     51.94     15.70     459.4
     1.903    51.383     86.33    127.67     490.9
     3.057   563.305   1552.87   1345.73     837.8
     2.670   314.578    755.34   1552.74     353.2
     2.507   296.466    667.41   1069.97     452.9
     2.770   360.470    898.65   1973.33     330.6
     2.447   209.126    459.29    466.00     230.9
     2.833    20.151     51.41    245.67     151.9
     3.023   308.434    840.79    797.26     765.6
     3.333   210.882    635.11    868.14     531.1
     3.607   166.491    543.44    972.77     405.6
     4.273   610.767   2370.48   2616.81     657.7
     4.023   663.612   2421.83   1873.73     938.4
     5.063   375.053   1730.83   4094.42     306.9
     1.610   209.368    299.10    234.47     926.1
     2.103   349.377    664.33    663.92     726.4
     1.417   152.533    190.00    176.82     780.2
     1.617   214.851    308.29    219.64    1019.0
     2.177    79.193    156.21    287.56     394.4
     2.043   360.190    663.99    560.28     860.4
     1.740   142.481    221.18    359.68     446.4
     2.143   480.702    932.56    285.00    1144.4
     2.120    53.314    102.23    439.64     168.8
     2.007   377.058    681.79    533.85     927.2
     2.473   125.136    282.90    848.95     241.9
     2.190   385.004    764.32    955.00     803.9
     2.170   569.151   1118.85    450.94    1801.3
     2.317    21.489     45.30   1131.96      29.1
     2.573   328.333    774.37    818.55     686.8
     2.360   537.516   1155.83    543.00    1136.2
     2.433   186.547    414.46    532.36     565.2
     3.320    99.505    307.94   1272.59     175.7
     3.293   140.327    430.56   1033.49     302.5
     3.073   232.098    661.54   2300.00     383.6
     2.923   685.236   1851.67   1141.99    1177.2
     4.300  1555.704   6340.44   2656.75    1732.6
     4.040   290.394   1107.58   3970.00     283.8
     4.070   289.918   1114.47   2448.38     330.5
     4.447   749.356   3165.03   2569.58     894.2
     4.627  1053.423   4640.86   2984.69    1128.8
     4.687   839.992   3751.67   3391.76     803.0
     2.163    80.900    156.69    462.00     378.7
     1.637    30.453     44.28    110.13     291.9
     1.917   204.677    352.38    289.56     883.5
     1.487   109.577    143.73    302.00     444.1
     2.053   402.700    746.22    356.94    1517.8
     1.753   208.028    325.60    155.64    1518.8
     2.587   239.154    555.94    570.30     707.7
     2.013   153.456    276.18    291.59     687.6
     1.417    81.825    101.93    232.14     318.8
     2.323    73.530    153.18    308.49     360.5
     2.460   138.703    306.32    668.14     332.9
     2.170    49.927     97.00    333.41     211.2
     1.993   573.555   1029.69    424.59    1760.7
     2.020   459.099    835.98    307.00    1470.1
     1.833   118.701    194.86    258.00     506.9
     2.027   123.893    226.42    325.00     650.1
     2.107    83.827    159.66    223.27     519.2
     2.590   277.662    646.31    683.54     686.5
     2.513   245.366    553.88    687.15     585.2
     2.660   354.652    848.30    624.78     985.7
     2.893   518.027   1350.19    983.42     996.8
     1.793   297.231    476.58    341.68    1012.6
     2.580   255.633    592.68    853.13     504.4
     2.320   191.399    398.14    594.00     483.6
     2.733   241.525    593.99    750.30     574.8
     2.397   914.858   1999.88    922.16    1574.5
     2.540   330.955    769.74    558.47    1000.7
     2.827    32.967     85.94   1142.11      54.6
     1.833   368.542    605.03    262.39    1674.0
     2.253   190.705    390.30    438.78     645.8
     2.150   560.227   1090.51    569.00    1657.9
     3.250   121.456    356.46   1290.00     220.1
     2.173   651.961   1283.82    556.06    1676.2
     3.623   241.062    790.56   2420.00     429.6
     2.933    43.077    113.86    704.25     117.4
     3.707  1406.087   4719.50   1870.00    1788.4
     3.280   104.944    310.90    760.21     296.9
     3.127   200.701    566.20   1059.45     388.0
     2.937    28.512     75.45    919.00      71.9
     2.437   135.528    301.55    474.76     461.1
     2.477    90.990    205.99    595.59     251.1
     2.720   127.521    319.08    516.23     448.7
     3.817   336.350   1163.16   1291.71     653.7
     2.753   306.969    778.12    675.06     836.8
     2.667   942.691   2309.45    581.54    2883.1
     7.453   481.818   3520.12  10787.13     236.9
     7.470  1023.561   7495.85  13993.44     388.9
     7.563  1712.548  12707.46  14336.93     643.5
     7.583  1021.178   7598.65  17004.32     324.4
     7.610  1965.680  14681.00  19890.24     535.9
     7.993  2016.396  15863.80  25522.27     451.3
    10.707   639.570   6337.86  27431.52     167.7
    10.817   618.298   6191.26  52552.82      85.5
    10.737  1329.574  13213.15  23584.04     406.7
    10.880   869.411   8757.82  37837.26     168.0
    10.917   816.473   8252.82  39598.01     151.3
     1.763   174.726    277.82    271.21     743.7
     1.930   260.195    455.16    449.89     734.5
     1.740   163.264    255.99    159.00     422.5
     1.753    57.077     90.21    448.17     146.1
     1.967   297.329    530.55    633.16     608.3
     1.587    62.875     89.42    406.61     159.7
     1.850   177.832    297.47    471.08     458.4
     1.427    47.237     60.03    246.41     176.9
     1.997   224.638    407.32    768.19     385.0
     1.913   124.457    215.73    299.00     194.1
     1.717    65.524    105.06    499.79     152.6\par
     1.495   158.688    220.09    528.95     302.1\par
     0.938   186.526    165.83    251.41     478.9
     1.540   187.290    255.14    259.44     714.0
     1.697   194.724    294.25    338.11     631.8
     1.973   282.510    505.91    473.46     775.8
     1.920   235.280    409.34    469.22     633.4
     2.043   204.159    379.33    549.41     501.2
     2.043   313.816    583.08    802.84     527.3
     2.143   366.124    715.50    689.00     718.1
     2.283   437.569    914.16    953.05     696.4
     2.000   161.115    292.67    434.41     489.1
     2.233   390.214    796.45   1138.18     508.0
     1.983   170.098    306.25    749.16     296.8
     2.083   171.227    324.74    415.28     567.7
     1.983   256.135    461.16    729.87     458.7
     1.960   178.120    316.70    894.02     257.2
     2.003    46.442     84.51    665.28      92.2
     1.603    24.342     35.00    351.95      72.2
     2.020   183.358    336.59    770.29     317.2
     2.130   405.413    787.04    785.61     727.3
     2.157   238.123    468.39    551.08     617.1
     2.180   152.343    303.09    475.96     462.3
     2.267    60.545    125.52    794.68     114.7
     2.267    91.671    190.05    408.99     337.4
     1.940   181.411    319.09    889.12     260.5
     2.077   275.280    520.31    981.15     385.0
     1.567    74.917    105.12    158.00     256.6
     2.137   229.002    446.05   1114.86     290.5
     2.353   478.015   1031.03   1367.66     547.3
     1.868   345.209    604.10    844.11     519.6\par
     2.027   276.390    509.10    778.29     474.9
     1.803   139.560    227.23    709.43     232.5
     2.273   449.098    933.97   1100.07     616.4
     2.073   316.588    597.35    859.70     504.5
     2.343    20.168     43.30   1455.97      21.6
     2.160   321.897    634.22   1198.93     384.0
     2.057   275.660    515.72   1280.18     292.5
     2.043   312.503    580.65   1085.94     388.2
     2.020   285.505    524.09    785.31     484.5
     2.023   301.898    555.15   1047.42     384.8
     1.733   240.963    372.53    286.71     943.3
     1.977   456.467    812.20    575.39    1024.8
     2.317   535.285   1135.57    860.96     957.6
     2.453    71.685    161.56    825.00     157.7
     2.373   105.347    229.27    556.54     299.1
     2.593   285.312    681.84    771.54     641.6
     2.627   211.031    511.17    899.80     412.4
     2.663   400.754    984.98    785.44     910.4
     2.800   595.624   1543.37   1663.34     673.6
     2.970   293.386    808.98   1795.43     327.1
     2.603    46.893    112.52   1561.98      52.3
     2.687   277.324    687.93   1060.00     362.1
     2.787    89.180    229.91   1074.64     155.3
     2.763    76.189    194.69   1010.00     100.2
     2.000   172.305    312.97    650.00     248.0
     2.483   100.159    228.65   1213.00     136.8
     2.720    74.740    187.83   2078.24      65.6
     2.483   389.154    883.59    841.00     679.0
     2.557   202.982    475.40    783.89     440.3
     2.320    76.106    160.69    780.00     169.0
     2.050   119.792    221.60    452.34     355.7
     3.057   179.396    509.88   1950.64     189.8
     2.823    69.946    182.83   1003.26     132.3
     3.233   442.017   1332.97   1585.96     610.2
     2.787   516.220   1330.89   1311.76     736.6
     2.973   751.909   2075.68   1236.99    1218.2
     2.923   221.738    601.26   2000.00     355.9
     3.137   325.970    952.04   1991.98     347.0
     3.100   167.669    483.69    850.87     412.7
     2.697   582.952   1451.74   1019.57    1033.7
     2.910   110.846    299.13   1779.82     122.0
     3.183   272.194    807.47   1867.70     313.9
     3.737   270.478    950.01   2107.86     327.2
     3.360   262.711    825.00   2130.00     276.6
     3.763   170.320    602.72   2754.39     158.9
     3.727   605.684   2121.36   3403.93     452.4
     3.800   296.911   1061.48   2191.90     351.6
     4.023  1257.905   4775.88   4991.50     694.6
     4.160   670.968   2638.63   7080.00     360.0
     4.127   518.683   2022.57   4358.08     336.9
     3.597   186.397    628.88   1711.17     266.8
     5.330  1083.940   5532.59  10390.32     386.6
     4.020  1964.245   7451.07   4770.00    1486.6
     4.600   748.883   3273.83   4687.82     507.0
     4.040   506.584   1931.78   3239.09     433.0
     4.790  1357.099   6190.86   6345.01     708.4
     4.657   943.276   4177.14   5262.34     576.3
     4.827   394.668   1814.91   8243.46     159.8
     5.433  1810.103   9427.48  12138.01     563.9
     5.360   394.996   2028.07  19200.00     166.1
     5.487  1852.046   9745.57  10803.23     654.9
     5.527  1188.742   6303.18  11161.10     410.0
     2.753   326.670    880.32   7430.00     187.0
     6.223  1865.444  11258.15   8101.92    1008.8
     5.587   245.960   1319.04  21880.52      43.8
     6.303   840.370   5140.90   6676.47     559.0
     6.357  2827.269  17451.00   7564.46    1674.9
     6.400  1519.041   9443.72   9206.20     744.7
     6.520  1233.547   7821.54   8690.13     653.4
     6.463   180.563   1134.33   6581.24     125.1
     6.510   610.793   3866.45   7386.79     380.0
     6.490   366.545   2312.76   6651.40     252.4
     2.163   228.730    451.37    580.00     323.4
     1.557    73.086    101.86    410.38     180.2
     1.823   135.422    223.09    676.25     239.5
     1.403    44.188     55.19    113.00     112.0
     1.463    51.039     65.82    167.00     248.1
     1.813   171.218    277.82    157.20    1283.0
     1.410   171.152    212.15    193.24     797.0
     1.907   291.501    499.03    627.07     577.8
     1.953    61.052    107.26    437.65     177.9
     1.677    60.000     89.52    363.00     274.1
     1.510    67.108     89.52    171.00     350.0
     1.930   152.672    267.08    837.39     231.6
     2.083   219.107    415.54   1190.30     253.4
     1.870   161.518    273.29    696.20     285.0
     1.817   136.881    224.61    685.87     237.7
     2.090   298.130    567.33   1108.17     371.7
     2.113   246.640    474.87    455.00     294.6
     2.310   376.588    796.51   1183.48     488.6
     2.153   272.700    535.52   1073.15     362.3
     2.647   839.939   2050.80   1747.84     851.8
     1.847   280.430    463.93    387.23     869.8
     2.217   377.348    764.07    877.18     632.4
     2.080   361.831    685.04    707.83     702.6
     2.713   667.500   1673.12   1828.47     664.3
     2.227   265.291    539.77    746.00     341.5
     2.693   573.574   1426.57   1720.57     601.9
     2.247   413.979    850.26   1404.22     439.6
     1.758   361.082    593.05   1022.61     421.0\par
     2.473   305.844    695.22   1098.65     459.4
     1.907   200.857    346.88    799.16     315.1
     2.520   171.568    397.79   1140.00     224.6
     2.560   174.850    412.19   1097.47     272.7
     2.460   127.607    288.43   1388.79     150.8
     2.413    59.788    132.44   1531.21      62.8
     3.100   249.053    716.43   1273.01     408.6
     2.040   126.180    232.22    437.47     385.4
     2.557    39.853     93.34    626.16     108.2
     2.477   629.708   1433.46   1353.28     769.0
     2.690   144.679    359.35   1375.38     189.7
     2.653  1038.509   2542.37   1160.00    1179.2
     1.800   108.387    176.13    193.00     248.2
     2.967   138.931    382.63   2245.96     123.7
     3.130   604.317   1761.07   2486.94     514.1
     2.837   236.493    621.26   1966.88     229.3
     3.067   104.904    299.20   2597.54      83.6
     3.363   413.114   1298.67   2890.63     326.2
     2.843   285.838    752.74   1480.00     319.7
     2.557    71.390    168.05    721.00     143.5
     3.323   410.057   1272.90   2674.57     345.5
     3.717  1075.832   3757.47   4331.09     629.8
     3.420  1223.485   3914.53   3082.91     921.8
     4.410  1833.342   7666.74   5981.77     930.5
     4.293   364.016   1479.85   6840.00     191.7
     4.190   351.482   1392.72   4666.73     216.7
     4.950   519.205   2457.65   3526.90     505.9
     5.530   648.540   3453.07   5979.40     419.3
     5.393   505.140   2619.04   4945.02     384.5
     5.310   826.148   4213.26   3609.13     847.5
     5.610  1132.167   6120.76   5915.19     751.2
     5.637   614.143   3336.94   4735.72     511.6
     5.267   342.649   1732.32   3818.85     329.3
     5.673   290.540   1589.56   4093.91     281.9
     5.703   388.273   2136.16   5125.93     302.6
     1.867   409.886    686.00    303.51    1640.9
     1.730   373.937    576.96    325.80    1285.7
     1.497   136.935    180.92    103.11    1273.8
     2.150   551.927   1074.34    550.78    1416.1
     1.760   269.771    423.95    376.15     818.3
     1.633   117.280    170.15    268.26     460.5
     1.903   439.738    751.41    373.09    1462.2
     2.247   156.494    319.27    452.47     512.3
     1.750   183.966    287.35    328.86     634.4
     2.007    33.343     60.29    659.52      66.4
     2.200   545.438   1088.16    588.81    1341.7
     2.190   571.842   1135.31    826.00    1288.8
     2.130   560.732   1080.61    645.51    1215.4
     1.933   199.411    346.51    382.81     657.2
     1.703   125.957    191.13    409.69     338.7
     2.430    84.492    187.44    839.70     162.1
     2.420   195.666    432.19    990.00    2832.2
     2.793   461.105   1187.01   1402.04     614.7
     2.857  1511.496   3984.98   1040.93    2779.3
     2.980   571.879   1577.33   1136.48    1007.6
     3.320   934.002   2890.38   1375.83    1525.2
     2.033    34.973     63.58    539.08      85.6
     1.727    47.488     72.07    202.56     258.3
     1.730    48.873     75.34    184.85     295.9
     2.097    84.158    157.87    479.81     238.9
     3.147   132.918    377.44    853.56     321.0
     3.377   296.374    904.45   1745.00     376.3
     1.483    23.932     30.99    124.87     180.2
     1.767    67.913    106.95    266.00     290.9
     2.230    84.094    168.00    500.72     243.6
     2.047    99.062    181.31    199.00     351.5
     2.260    32.037     64.88    463.27     101.7
     2.683   132.611    320.04    869.35     267.3
     2.803    54.491    137.52    728.85     137.0
     3.477   222.145    698.42   1829.62     277.1
     1.297     7.287      8.20     39.80     132.6
     2.273   141.469    286.15    162.00     861.8
     2.340   143.151    300.40    359.00     419.2
     1.760    35.535     55.75    112.00     211.0
     2.600   160.286    372.99    456.43     593.3
     2.673   177.117    424.29    454.80     677.3
     3.143    46.263    131.24    393.36     242.2
     2.513   257.775    578.99    260.19    1615.6
     2.500   181.896    406.29    312.06     945.2
     3.060   551.767   1522.75    259.00    1263.4
     3.357   330.311   1003.42    387.85    1878.3
     3.723   138.980    470.42    566.93     602.4
     1.730    20.278     30.84    113.08     198.0
     1.657    53.274     77.43     30.70     566.6
     2.400   252.189    543.08    398.46     989.5
     2.470    77.878    172.70    323.94     387.1
     3.600   506.841   1651.23    460.00     936.0
     3.443  1247.015   3882.25   1107.07    2545.9
     3.573    20.400     66.15    507.73      94.6
     3.607   200.756    655.28   1170.10     406.6
     3.370    30.294     92.41    920.41      72.9
     4.150   164.665    624.11    831.00     360.9
     4.213   319.550   1230.42   1089.00     820.3
