     Scenarios   a (NVSI/Target)   KSER:KRER
-------------------------------------------------
        1             0.5              2
        2             0.6              2
        3             0.7              2
        4             0.8              2
        5             0.5              2.5
        6             0.5              3
        7             0.6              2.5
        8             0.6              3
        9             0.4              2
       10             0.3              2
       11             0.2              2
       12             0.1              2
       13             0.05             2
       14             0.5              3.5
       15             0.5              4
       16             0.5              4.5
       17             0.5              5
       18             1.2              2
       19             1.5              2
       20             1.0              2
