N10005_4632,1994, 1, 1,0.1082E+02,0.1202E+02,0.0000E+00,0.3414E+01,0.3885E+01,0.3285E+02,0.4266E+03,0.5685E+03,0.6280E+01,0.2148E+01,0.1091E+03,0.2471E+00,0.2597E+04,-.1829E+03,-.1330E+02,-.9290E+02,-.7674E+02,0.0000E+00
N10005_4632,1994, 1, 2,0.1089E+02,0.1195E+02,0.0000E+00,0.4391E+01,0.1074E+02,0.4088E+02,0.6069E+03,0.7915E+03,0.1438E+02,0.3426E+01,0.1437E+03,0.2133E+00,0.3446E+04,-.2412E+03,-.1753E+02,-.1225E+03,-.1012E+03,0.0000E+00
N10005_4632,1994, 1, 4,0.1080E+02,0.1217E+02,0.0000E+00,0.5111E+01,0.1471E+02,0.4983E+02,0.7160E+03,0.9377E+03,0.1943E+02,0.4334E+01,0.1719E+03,0.3846E+00,0.4122E+04,-.4214E+03,-.3064E+02,-.2140E+03,-.1768E+03,0.0000E+00
N10005_4632,1994, 1, 7,0.1038E+02,0.1315E+02,0.0000E+00,0.3991E+01,0.5019E+01,0.2979E+02,0.5402E+03,0.6799E+03,0.7688E+01,0.2494E+01,0.1099E+03,0.1747E+00,0.2670E+04,-.5980E+02,-.4347E+01,-.3037E+02,-.2508E+02,0.0000E+00
N10005_4632,1994, 1, 8,0.1044E+02,0.1296E+02,0.0000E+00,0.4357E+01,0.6533E+01,0.3057E+02,0.5988E+03,0.7514E+03,0.9356E+01,0.2727E+01,0.1220E+03,0.9541E-01,0.2957E+04,-.9571E+02,-.6958E+01,-.4860E+02,-.4015E+02,0.0000E+00
N10005_4632,1994, 1,12,0.1077E+02,0.1185E+02,0.0000E+00,0.4954E+01,0.1226E+02,0.4956E+02,0.6710E+03,0.8864E+03,0.1706E+02,0.4187E+01,0.1658E+03,0.6156E+00,0.3965E+04,-.6846E+03,-.4977E+02,-.3477E+03,-.2872E+03,0.0000E+00
N10005_4632,1994, 1,17,0.1112E+02,0.1045E+02,0.0000E+00,0.5408E+01,0.1319E+02,0.7494E+02,0.6075E+03,0.8998E+03,0.2020E+02,0.5996E+01,0.2174E+03,0.1015E+01,0.5067E+04,-.1333E+04,-.9687E+02,-.6767E+03,-.5590E+03,0.0000E+00
N10005_4632,1994, 1,18,0.1088E+02,0.1174E+02,0.0000E+00,0.5927E+01,0.2374E+02,0.4160E+02,0.1015E+04,0.1239E+04,0.2834E+02,0.4071E+01,0.1819E+03,0.5249E+00,0.4460E+04,-.2690E+03,-.1955E+02,-.1366E+03,-.1128E+03,0.0000E+00
N10005_4632,1994, 1,26,0.1044E+02,0.1211E+02,0.0000E+00,0.4352E+01,0.5918E+01,0.3255E+02,0.5804E+03,0.7353E+03,0.8813E+01,0.2759E+01,0.1224E+03,0.1367E+00,0.2958E+04,-.1246E+03,-.9055E+01,-.6325E+02,-.5225E+02,0.0000E+00
N10005_4632,1994, 1,28,0.1114E+02,0.1069E+02,0.0000E+00,0.7994E+01,0.3987E+02,0.9953E+02,0.1260E+04,0.1684E+04,0.5226E+02,0.8600E+01,0.3243E+03,0.3789E+01,0.7668E+04,-.3199E+04,-.2326E+03,-.1625E+04,-.1342E+04,0.0000E+00
N10005_4632,1994, 2, 8,0.1101E+02,0.1014E+02,0.0000E+00,0.5177E+01,0.1201E+02,0.6701E+02,0.6194E+03,0.8794E+03,0.1774E+02,0.5350E+01,0.1930E+03,0.3780E+00,0.4503E+04,-.4745E+03,-.3450E+02,-.2410E+03,-.1990E+03,0.0000E+00
N10005_4632,1994, 2, 9,0.1090E+02,0.1077E+02,0.0000E+00,0.6271E+01,0.2144E+02,0.5786E+02,0.9384E+03,0.1206E+04,0.2687E+02,0.5116E+01,0.2095E+03,0.3081E+00,0.5055E+04,-.2852E+03,-.2073E+02,-.1448E+03,-.1196E+03,0.0000E+00
N10005_4632,1994, 2,11,0.1243E+02,0.6711E+01,0.0000E+00,0.1403E+02,0.1497E+03,0.3462E+03,0.3568E+04,0.4775E+04,0.3252E+03,0.2672E+02,0.8610E+03,0.1488E+03,0.1865E+05,-.6193E+05,-.4502E+04,-.3145E+05,-.2598E+05,0.0000E+00
N10005_4632,1994, 2,13,0.1086E+02,0.1102E+02,0.0000E+00,0.7058E+01,0.5072E+02,0.6419E+02,0.1755E+04,0.2045E+04,0.5603E+02,0.5106E+01,0.2259E+03,0.1999E+00,0.5238E+04,-.9188E+02,-.6679E+01,-.4666E+02,-.3854E+02,0.0000E+00
N10005_4632,1994, 2,23,0.1138E+02,0.9519E+01,0.0000E+00,0.1835E+02,0.1497E+03,0.3163E+03,0.3590E+04,0.4866E+04,0.2650E+03,0.2546E+02,0.9593E+03,0.8984E+02,0.2228E+05,-.3988E+05,-.2899E+04,-.2025E+05,-.1673E+05,0.0000E+00
N10005_4632,1994, 2,24,0.1096E+02,0.1078E+02,0.0000E+00,0.1503E+02,0.1158E+03,0.1398E+03,0.3227E+04,0.3924E+04,0.1282E+03,0.1190E+02,0.5572E+03,0.4859E+00,0.1362E+05,-.2197E+03,-.1598E+02,-.1116E+03,-.9218E+02,0.0000E+00
N10005_4632,1994, 3, 2,0.1120E+02,0.9523E+01,0.0000E+00,0.1396E+02,0.7357E+02,0.1837E+03,0.2092E+04,0.2885E+04,0.9757E+02,0.1546E+02,0.6098E+03,0.8540E+01,0.1455E+05,-.6055E+04,-.4402E+03,-.3075E+04,-.2540E+04,0.0000E+00
N10005_4632,1994, 3, 3,0.1076E+02,0.1096E+02,0.0000E+00,0.1721E+02,0.1097E+03,0.1403E+03,0.3271E+04,0.4050E+04,0.1243E+03,0.1287E+02,0.6394E+03,0.1743E+01,0.1604E+05,-.9874E+03,-.7179E+02,-.5014E+03,-.4142E+03,0.0000E+00
N10005_4632,1994, 3, 9,0.1030E+02,0.1151E+02,0.0000E+00,0.6990E+01,0.9613E+01,0.4944E+02,0.8975E+03,0.1129E+04,0.1403E+02,0.4095E+01,0.1817E+03,0.3263E+00,0.4399E+04,-.1928E+03,-.1402E+02,-.9793E+02,-.8089E+02,0.0000E+00
N10005_4632,1994, 3,10,0.1052E+02,0.1145E+02,0.0000E+00,0.1281E+02,0.6660E+02,0.1394E+03,0.2159E+04,0.2777E+04,0.8350E+02,0.1193E+02,0.4776E+03,0.4978E+01,0.1140E+05,-.3582E+04,-.2604E+03,-.1819E+04,-.1502E+04,0.0000E+00
N10005_4632,1994, 3,21,0.1031E+02,0.1147E+02,0.0000E+00,0.6032E+01,0.7376E+01,0.5139E+02,0.7235E+03,0.9409E+03,0.1264E+02,0.4346E+01,0.1660E+03,0.9199E+00,0.3972E+04,-.8195E+03,-.5958E+02,-.4162E+03,-.3437E+03,0.0000E+00
N10005_4632,1994, 3,25,0.1013E+02,0.1208E+02,0.0000E+00,0.6207E+01,0.1187E+02,0.4570E+02,0.8596E+03,0.1069E+04,0.1620E+02,0.4049E+01,0.1640E+03,0.2849E+00,0.3965E+04,-.1845E+03,-.1341E+02,-.9367E+02,-.7738E+02,0.0000E+00
N10005_4632,1994, 3,27,0.1042E+02,0.1190E+02,0.0000E+00,0.1498E+02,0.1049E+03,0.2213E+03,0.2794E+04,0.3718E+04,0.1622E+03,0.1809E+02,0.7021E+03,0.3924E+02,0.1654E+05,-.2201E+05,-.1600E+04,-.1118E+05,-.9234E+04,0.0000E+00
N10005_4632,1994, 3,28,0.1012E+02,0.1289E+02,0.0000E+00,0.1891E+02,0.1465E+03,0.2161E+03,0.3951E+04,0.4945E+04,0.1710E+03,0.1847E+02,0.7774E+03,0.6002E+01,0.1869E+05,-.3715E+04,-.2701E+03,-.1887E+04,-.1558E+04,0.0000E+00
N10005_4632,1994, 3,29,0.1005E+02,0.1263E+02,0.0000E+00,0.1754E+02,0.1313E+03,0.1631E+03,0.3817E+04,0.4624E+04,0.1478E+03,0.1415E+02,0.6439E+03,0.2337E+01,0.1569E+05,-.1361E+04,-.9896E+02,-.6912E+03,-.5710E+03,0.0000E+00
N10005_4632,1994, 3,31,0.1013E+02,0.1228E+02,0.0000E+00,0.1383E+02,0.8043E+02,0.1364E+03,0.2567E+04,0.3205E+04,0.1034E+03,0.1168E+02,0.5020E+03,0.1126E+02,0.1216E+05,-.5912E+04,-.4298E+03,-.3002E+04,-.2480E+04,0.0000E+00
N10005_4632,1994, 4, 1,0.9922E+01,0.1288E+02,0.0000E+00,0.1392E+02,0.8344E+02,0.1039E+03,0.2717E+04,0.3278E+04,0.9404E+02,0.1000E+02,0.4573E+03,0.6008E+00,0.1127E+05,-.1558E+03,-.1133E+02,-.7911E+02,-.6535E+02,0.0000E+00
N10005_4632,1994, 4, 6,0.9653E+01,0.1255E+02,0.0000E+00,0.7634E+01,0.1768E+02,0.5282E+02,0.1122E+04,0.1369E+04,0.2453E+02,0.5610E+01,0.1944E+03,0.1236E+01,0.4697E+04,-.6862E+03,-.4989E+02,-.3485E+03,-.2879E+03,0.0000E+00
N10005_4632,1994, 4, 7,0.9578E+01,0.1263E+02,0.0000E+00,0.8187E+01,0.2256E+02,0.5894E+02,0.1237E+04,0.1516E+04,0.2881E+02,0.5739E+01,0.2200E+03,0.5081E+00,0.5299E+04,-.2287E+03,-.1663E+02,-.1161E+03,-.9592E+02,0.0000E+00
N10005_4632,1994, 4,13,0.9370E+01,0.1296E+02,0.0000E+00,0.9314E+01,0.3262E+02,0.1122E+03,0.1250E+04,0.1706E+04,0.4825E+02,0.1208E+02,0.3433E+03,0.3541E+01,0.8015E+04,-.2899E+04,-.2108E+03,-.1472E+04,-.1216E+04,0.0000E+00
N10005_4632,1994, 5, 4,0.8422E+01,0.1230E+02,0.0000E+00,0.5227E+01,0.8163E+01,0.8257E+02,0.5356E+03,0.8096E+03,0.1612E+02,0.7742E+01,0.1915E+03,0.2118E+00,0.4347E+04,-.3256E+03,-.2367E+02,-.1654E+03,-.1366E+03,0.0000E+00
N10005_4632,1994, 5,19,0.7028E+01,0.1359E+02,0.0000E+00,0.3208E+01,0.3185E+01,0.3885E+02,0.4000E+03,0.5317E+03,0.6471E+01,0.3244E+01,0.9288E+02,0.4182E-01,0.2166E+04,-.9417E+02,-.6846E+01,-.4782E+02,-.3950E+02,0.0000E+00
N10005_4632,1994, 5,25,0.6676E+01,0.1453E+02,0.0000E+00,0.2809E+01,0.3309E+01,0.4355E+02,0.3428E+03,0.4757E+03,0.7382E+01,0.4034E+01,0.8933E+02,0.3823E-01,0.2039E+04,-.5004E+02,-.3638E+01,-.2541E+02,-.2099E+02,0.0000E+00
N10005_4632,1994, 6,15,0.7440E+01,0.1710E+02,0.0000E+00,0.2506E+01,0.7535E+01,0.7989E+02,0.2176E+03,0.4430E+03,0.1575E+02,0.7287E+01,0.1455E+03,0.9286E+00,0.3187E+04,-.2326E+04,-.1691E+03,-.1181E+04,-.9757E+03,0.0000E+00
N10005_4632,1994, 7,17,0.7374E+01,0.1775E+02,0.0000E+00,0.1280E+01,0.3397E+01,0.5149E+02,0.1385E+03,0.2687E+03,0.6487E+01,0.2971E+01,0.7868E+02,0.1190E+00,0.1729E+04,-.2171E+03,-.1578E+02,-.1102E+03,-.9105E+02,0.0000E+00
N10005_4632,1994, 7,25,0.7363E+01,0.1832E+02,0.0000E+00,0.1380E+01,0.3660E+01,0.5449E+02,0.1438E+03,0.2838E+03,0.6949E+01,0.3192E+01,0.8552E+02,0.9703E-01,0.1881E+04,-.2404E+03,-.1748E+02,-.1221E+03,-.1008E+03,0.0000E+00
N10005_4632,1994, 7,26,0.6927E+01,0.1868E+02,0.0000E+00,0.1654E+01,0.4165E+01,0.5120E+02,0.1842E+03,0.3258E+03,0.7502E+01,0.3268E+01,0.9046E+02,0.6933E-01,0.2010E+04,-.4309E+02,-.3133E+01,-.2188E+02,-.1808E+02,0.0000E+00
N10005_4632,1994, 7,27,0.6892E+01,0.1833E+02,0.0000E+00,0.1952E+01,0.4845E+01,0.5425E+02,0.2156E+03,0.3704E+03,0.8606E+01,0.3508E+01,0.1005E+03,0.2522E+00,0.2266E+04,-.1706E+03,-.1240E+02,-.8664E+02,-.7156E+02,0.0000E+00
N10005_4632,1994, 7,28,0.6863E+01,0.1869E+02,0.0000E+00,0.3079E+01,0.8230E+01,0.7289E+02,0.3073E+03,0.5335E+03,0.1366E+02,0.5141E+01,0.1533E+03,0.2850E+00,0.3476E+04,-.1316E+03,-.9568E+01,-.6684E+02,-.5521E+02,0.0000E+00
N10005_4632,1994, 8, 5,0.6624E+01,0.1884E+02,0.0000E+00,0.2693E+01,0.5129E+01,0.5881E+02,0.2890E+03,0.4685E+03,0.9306E+01,0.4037E+01,0.1206E+03,0.1402E+00,0.2740E+04,-.6912E+02,-.5025E+01,-.3510E+02,-.2899E+02,0.0000E+00
N10005_4632,1994, 8,14,0.7719E+01,0.1895E+02,0.0000E+00,0.3554E+01,0.1058E+02,0.1011E+03,0.2800E+03,0.5871E+03,0.1921E+02,0.7165E+01,0.2061E+03,0.1462E+01,0.4637E+04,-.1913E+04,-.1391E+03,-.9716E+03,-.8025E+03,0.0000E+00
N10005_4632,1994, 8,17,0.6963E+01,0.1931E+02,0.0000E+00,0.3361E+01,0.7475E+01,0.6355E+02,0.3541E+03,0.5607E+03,0.1239E+02,0.4650E+01,0.1431E+03,0.2619E+00,0.3300E+04,-.7305E+02,-.5311E+01,-.3710E+02,-.3064E+02,0.0000E+00
N10005_4632,1994, 8,21,0.6868E+01,0.1919E+02,0.0000E+00,0.2921E+01,0.4287E+01,0.5372E+02,0.3291E+03,0.4937E+03,0.8019E+01,0.3612E+01,0.1109E+03,0.1206E+00,0.2564E+04,-.3023E+02,-.2198E+01,-.1535E+02,-.1268E+02,0.0000E+00
N10005_4632,1994, 9,17,0.8576E+01,0.1782E+02,0.0000E+00,0.2015E+01,0.5165E+01,0.5496E+02,0.1637E+03,0.3372E+03,0.9517E+01,0.4107E+01,0.1185E+03,0.2453E+00,0.2625E+04,-.5701E+03,-.4144E+02,-.2895E+03,-.2391E+03,0.0000E+00
N10005_4632,1994, 9,18,0.7958E+01,0.1869E+02,0.0000E+00,0.1994E+01,0.3809E+01,0.3308E+02,0.2257E+03,0.3444E+03,0.6445E+01,0.2483E+01,0.8561E+02,0.1539E+00,0.1965E+04,-.1360E+03,-.9886E+01,-.6905E+02,-.5704E+02,0.0000E+00
N10005_4632,1994, 9,21,0.8247E+01,0.1783E+02,0.0000E+00,0.1820E+01,0.3199E+01,0.3524E+02,0.1973E+03,0.3143E+03,0.6050E+01,0.2678E+01,0.8183E+02,0.1731E+00,0.1860E+04,-.3286E+03,-.2389E+02,-.1669E+03,-.1378E+03,0.0000E+00
N10005_4632,1994, 9,22,0.9070E+01,0.1657E+02,0.0000E+00,0.6156E+01,0.2501E+02,0.1323E+03,0.4278E+03,0.9225E+03,0.3937E+02,0.1183E+02,0.3624E+03,0.2533E+01,0.8358E+04,-.2923E+04,-.2125E+03,-.1485E+04,-.1226E+04,0.0000E+00
N10005_4632,1994,10,23,0.9296E+01,0.1677E+02,0.0000E+00,0.1870E+01,0.3317E+01,0.3755E+02,0.1853E+03,0.3074E+03,0.6134E+01,0.2767E+01,0.8464E+02,0.4949E-01,0.1914E+04,-.1823E+03,-.1326E+02,-.9259E+02,-.7648E+02,0.0000E+00
N10005_4632,1994,11,18,0.1014E+02,0.1499E+02,0.0000E+00,0.2192E+01,0.3915E+01,0.4039E+02,0.2007E+03,0.3402E+03,0.7066E+01,0.3035E+01,0.9909E+02,0.1164E+00,0.2250E+04,-.1815E+03,-.1320E+02,-.9217E+02,-.7613E+02,0.0000E+00
N10005_4632,1994,11,21,0.1014E+02,0.1504E+02,0.0000E+00,0.3302E+01,0.7112E+01,0.5659E+02,0.2946E+03,0.5029E+03,0.1208E+02,0.4550E+01,0.1517E+03,0.4162E+00,0.3475E+04,-.5568E+03,-.4048E+02,-.2828E+03,-.2336E+03,0.0000E+00
N10005_4632,1994,12, 5,0.1031E+02,0.1486E+02,0.0000E+00,0.2844E+01,0.4564E+01,0.3147E+02,0.3164E+03,0.4520E+03,0.7638E+01,0.2919E+01,0.1041E+03,0.1547E+00,0.2450E+04,-.2009E+03,-.1461E+02,-.1020E+03,-.8428E+02,0.0000E+00
N10005_4632,1994,12,10,0.1057E+02,0.1367E+02,0.0000E+00,0.2866E+01,0.5470E+01,0.3266E+02,0.3135E+03,0.4540E+03,0.9023E+01,0.3253E+01,0.1079E+03,0.3003E+00,0.2554E+04,-.4025E+03,-.2926E+02,-.2044E+03,-.1688E+03,0.0000E+00
