ATEMP.csv:A24045,0,20.4494
MSTLAY.csv:A24045,1,1,1
NITR1_0000.csv:A24045,0.4,13.23828486,83.80989144,60,74.97915329,82.83620188,72.17140257,73.79362467,1,1,100,1,1,1,0,0,1,1,0,0,-1,0,0,0,-1,0,0,0,0,0,0.8,0.2,1.07,1.05,1.05,1.07,1.07,1.07,1.05,1.07,na,na,0.005,0.001,0,10,0.005,na,na,0.005,0.001,0,10,0.005,na,na,0.0001,0.001,0.1,3,0.0001,na,na,0.0001,0.001,0.1,3,0.0001,10000,30000,0.00001,1.07,10000,30000,0.00001,1.07,10000,30000,0.00001,1.07,10000,30000,0.00001,1.07,na,na,na,na,na,na
NITR1_0001.csv:A24045,0.4,13.23828486,83.80989144,60,74.97915329,82.83620188,72.17140257,73.79362467,1,1,100,1,1,1,0,0,1,1,0,0,-1,0,0,0,-1,0,0,0,0,0,0.8,0.2,1.07,1.05,1.05,1.07,1.07,1.07,1.05,1.07,na,na,0.005000,0.000622,0.,10.00000,0.005000,na,na,0.005000,0.000622,0.,10.00000,0.005000,na,na,0.000100,0.001210,0.010000,1.422896,0.000100,na,na,0.000100,0.001210,0.010000,1.422896,0.000100,10777.38,50000.00,0.00001,1.07,9278.688,10697.21,0.00001,1.07,114.2857,829.6507,0.00001,1.07,114.2857,829.6507,0.00001,1.07,na,na,na,na,na,na
NITR1_0002.csv:A24045,0.4,13.23828486,83.80989144,60,74.97915329,82.83620188,72.17140257,73.79362467,1,1,100,1,1,1,0,0,1,1,0,0,-1,0,0,0,-1,0,0,0,0,0,0.8,0.2,1.07,1.05,1.05,1.07,1.07,1.07,1.05,1.07,na,na,0.005000,0.000508,0.,10.00000,0.005000,na,na,0.005000,0.000508,0.,10.00000,0.005000,na,na,0.000100,0.001527,0.008389,0.464727,0.000100,na,na,0.000100,0.001527,0.008389,0.464727,0.000100,6430.494,50000.00,0.00001,1.07,15550.90,4109.045,0.00001,1.07,31.26530,827.6401,0.00001,1.07,31.26530,827.6401,0.00001,1.07,na,na,na,na,na,na
NITR1_0003.csv:A24045,0.4,13.23828486,83.80989144,60,74.97915329,82.83620188,72.17140257,73.79362467,1,1,100,1,1,1,0,0,1,1,0,0,-1,0,0,0,-1,0,0,0,0,0,0.8,0.2,1.07,1.05,1.05,1.07,1.07,1.07,1.05,1.07,na,na,0.005000,0.000439,0.,10.00000,0.005000,na,na,0.005000,0.000439,0.,10.00000,0.005000,na,na,0.000100,0.001535,0.008031,0.635940,0.000100,na,na,0.000100,0.001535,0.008031,0.635940,0.000100,2951.833,50000.00,0.00001,1.07,33877.24,1906.154,0.00001,1.07,35.99976,827.6401,0.00001,1.07,35.99976,827.6401,0.00001,1.07,na,na,na,na,na,na
NITR1_0004.csv:A24045,0.4,13.23828486,83.80989144,60,74.97915329,82.83620188,72.17140257,73.79362467,1,1,100,1,1,1,0,0,1,1,0,0,-1,0,0,0,-1,0,0,0,0,0,0.8,0.2,1.07,1.05,1.05,1.07,1.07,1.07,1.05,1.07,na,na,0.005000,0.000387,0.,10.00000,0.005000,na,na,0.005000,0.000387,0.,10.00000,0.005000,na,na,0.000100,0.001574,0.007767,0.673521,0.000100,na,na,0.000100,0.001574,0.007767,0.673521,0.000100,1171.084,50000.00,0.00001,1.07,50000.00,1169.012,0.00001,1.07,37.97975,827.6990,0.00001,1.07,37.97975,827.6990,0.00001,1.07,na,na,na,na,na,na
NITR1_0005.csv:A24045,0.4,13.23828486,83.80989144,60,74.97915329,82.83620188,72.17140257,73.79362467,1,1,100,1,1,1,0,0,1,1,0,0,-1,0,0,0,-1,0,0,0,0,0,0.8,0.2,1.07,1.05,1.05,1.07,1.07,1.07,1.05,1.07,na,na,0.005000,0.000343,0.,10.00000,0.005000,na,na,0.005000,0.000343,0.,10.00000,0.005000,na,na,0.000100,0.001646,0.007432,0.638839,0.000100,na,na,0.000100,0.001646,0.007432,0.638839,0.000100,485.3141,50000.00,0.00001,1.07,50000.00,921.7058,0.00001,1.07,34.61583,827.7579,0.00001,1.07,34.61583,827.7579,0.00001,1.07,na,na,na,na,na,na
NITR1_0006.csv:A24045,0.4,13.23828486,83.80989144,60,74.97915329,82.83620188,72.17140257,73.79362467,1,1,100,1,1,1,0,0,1,1,0,0,-1,0,0,0,-1,0,0,0,0,0,0.8,0.2,1.07,1.05,1.05,1.07,1.07,1.07,1.05,1.07,na,na,0.005000,0.000310,0.,10.00000,0.005000,na,na,0.005000,0.000310,0.,10.00000,0.005000,na,na,0.000100,0.001688,0.007208,0.656588,0.000100,na,na,0.000100,0.001688,0.007208,0.656588,0.000100,307.6243,50000.00,0.00001,1.07,50000.00,839.0984,0.00001,1.07,34.14605,827.7579,0.00001,1.07,34.14605,827.7579,0.00001,1.07,na,na,na,na,na,na
NITR1_0007.csv:A24045,0.4,13.23828486,83.80989144,60,74.97915329,82.83620188,72.17140257,73.79362467,1,1,100,1,1,1,0,0,1,1,0,0,-1,0,0,0,-1,0,0,0,0,0,0.8,0.2,1.07,1.05,1.05,1.07,1.07,1.07,1.05,1.07,na,na,0.005000,0.000289,0.,10.00000,0.005000,na,na,0.005000,0.000289,0.,10.00000,0.005000,na,na,0.000100,0.001777,0.006812,0.655816,0.000100,na,na,0.000100,0.001777,0.006812,0.655816,0.000100,295.0485,50000.00,0.00001,1.07,50000.00,811.7722,0.00001,1.07,33.26801,827.7579,0.00001,1.07,33.26801,827.7579,0.00001,1.07,na,na,na,na,na,na
NITR1_0008.csv:A24045,0.4,13.23828486,83.80989144,60,74.97915329,82.83620188,72.17140257,73.79362467,1,1,100,1,1,1,0,0,1,1,0,0,-1,0,0,0,-1,0,0,0,0,0,0.8,0.2,1.07,1.05,1.05,1.07,1.07,1.07,1.05,1.07,na,na,0.005000,0.000275,0.,10.00000,0.005000,na,na,0.005000,0.000275,0.,10.00000,0.005000,na,na,0.000100,0.001881,0.006397,0.657656,0.000100,na,na,0.000100,0.001881,0.006397,0.657656,0.000100,312.8424,50000.00,0.00001,1.07,47156.09,803.0950,0.00001,1.07,31.50956,827.7579,0.00001,1.07,31.50956,827.7579,0.00001,1.07,na,na,na,na,na,na
NITR1_0009.csv:A24045,0.4,13.23828486,83.80989144,60,74.97915329,82.83620188,72.17140257,73.79362467,1,1,100,1,1,1,0,0,1,1,0,0,-1,0,0,0,-1,0,0,0,0,0,0.8,0.2,1.07,1.05,1.05,1.07,1.07,1.07,1.05,1.07,na,na,0.005000,0.000265,0.,10.00000,0.005000,na,na,0.005000,0.000265,0.,10.00000,0.005000,na,na,0.000100,0.001990,0.006009,0.661346,0.000100,na,na,0.000100,0.001990,0.006009,0.661346,0.000100,334.7963,50000.00,0.00001,1.07,44063.88,800.7772,0.00001,1.07,29.88906,827.7579,0.00001,1.07,29.88906,827.7579,0.00001,1.07,na,na,na,na,na,na
NITR1.csv:A24045,0.4,13.23828486,83.80989144,60,74.97915329,82.83620188,72.17140257,73.79362467,1,1,100,1,1,1,0,0,1,1,0,0,-1,0,0,0,-1,0,0,0,0,0,0.8,0.2,1.07,1.05,1.05,1.07,1.07,1.07,1.05,1.07,na,na,0.005000,0.000257,0.,10.00000,0.005000,na,na,0.005000,0.000257,0.,10.00000,0.005000,na,na,0.000100,0.002105,0.005647,0.663920,0.000100,na,na,0.000100,0.002105,0.005647,0.663920,0.000100,355.6862,50000.00,0.00001,1.07,41475.95,800.5775,0.00001,1.07,28.37325,827.7579,0.00001,1.07,28.37325,827.7579,0.00001,1.07,na,na,na,na,na,na
NITR2.csv:A24045,5000,1,1,1.5,1,1,1.2,0.7,0.5,1.2,0.3,0.5,1.1
NITR3.csv:A24045,na,na,na,na,na,na,na,na,na,na,na,na,na,na,na,na,na,na,na,na,na,na,na,na,na,na,na,na,na,na,na,na,na,na,na,na,na,na,na,na,na,na,na,na,na,na,na,na
NITR4.csv:A24045,0.05,0.05,0.05,0.05,1,1,1,12,31,na,na,na,na,na,na,na,na,200,2,0.01,0.04,0.09,0.115,0.135,0.145,0.15,0.14,0.095,0.05,0.025,0.005,0.01,0.01,0.01,0.01,0.01,0.01,0.01,0.01,0.01,0.01,0.01,0.01,0.56,0.56,0.65,0.65,0.65,0.65,0.6,0.55,0.5,0.45,0.56,0.56,0.43,0.43,0.34,0.34,0.34,0.34,0.39,0.44,0.49,0.54,0.43,0.43,0,0,0,0,0,0,0,0,0,0,0,0
NITR5.csv:A24045,40,10,10,2.5,40,10,10,2.5,40,10,10,2.5,40,10,10,2.5,5,7.5,7.5,10,12.5,15,15,15,15,15,12.5,10,2.5,2.5,5,7.5,10,10,10,10,10,7.5,5,2.5,1,1.2,1.4,1.4,1.8,2,2,2,2,1.6,1.4,1.2,0,0,0,0,0,0,0,0,0,0,0,0,1.25,1.875,1.875,2.5,3.125,3.75,3.75,3.75,3.75,3.75,3.125,2.5,0.625,0.625,1.25,1.875,2.5,2.5,2.5,2.5,2.5,1.875,1.25,0.625,0.25,0.3,0.35,0.35,0.45,0.5,0.5,0.5,0.5,0.4,0.35,0.3,0,0,0,0,0,0,0,0,0,0,0,0,0.05,0.05,0.05,0.1,0.1,0.1,0.15,0.15,0.1,0.1,0.1,0.05,0.05,0.05,0.05,0.05,0.05,0.1,0.1,0.1,0.1,0.05,0.05,0.05,0.02,0.02,0.02,0.04,0.04,0.05,0.05,0.05,0.04,0.04,0.04,0.02,0.05,0.05,0.05,0.1,0.1,0.1,0.15,0.15,0.1,0.1,0.1,0.05,0.1,0.1,0.1,0.1,0.1,0.2,0.2,0.2,0.2,0.1,0.1,0.1,0.1,0.1,0.1,0.1,0.1,0.1,0.1,0.1,0.1,0.1,0.1,0.1,0.01,0.01,0.01,0.01,0.02,0.02,0.02,0.02,0.02,0.01,0.01,0.01,0.05,0.05,0.05,0.05,0.05,0.1,0.1,0.1,0.1,0.05,0.05,0.05
NITR6.csv:A24045,0.01,0.01,0.01,0.01,0.01,0.01,0.01,0.01,0.01,0.01,0.01,0.01,0.01,0.01,0.01,0.01,0.01,0.01,0.01,0.01,0.01,0.01,0.01,0.01,0.01,0.01,0.01,0.01,0.01,0.01,0.01,0.01,0.01,0.01,0.01,0.01,0,0,0,0,0,0,0,0,0,0,0,0,0.1,0.1,0.1,0.1,0.1,0.1,0.1,0.1,0.1,0.1,0.1,0.1
NITR7.csv:A24045,0.3,0.3,0.3,0.4,0.5,0.6,0.6,0.6,0.6,0.5,0.4,0.3,0.3,0.3,0.3,0.4,0.5,0.6,0.6,0.6,0.6,0.5,0.4,0.3,0.3,0.3,0.3,0.4,0.5,0.6,0.6,0.6,0.6,0.5,0.4,0.3,0,0,0,0,0,0,0,0,0,0,0,0,0,0,0,0,0,0,0,0,0,0.003,0,0,0.003,0.003,0.003,0.003,0.003,0.003,0.003,0.003,0.003,0.003,0.003,0.003,0.014,0.014,0.014,0.014,0.014,0.014,0.014,0.014,0.014,0.014,0.014,0.014,0.1,0.1,0.1,0.1,0.1,0.1,0.1,0.1,0.1,0.1,0.1,0.1
NITR8_0000.csv:A24045,1,0.5,0.01,0.1,2,200,400,8,0.02,0.5,40,2200,100,9,0.02,0.005,25,1200,30,5,0.005,0.1,0,1000,0,0,0,0,250,20
NITR8_0001.csv:A24045,59.70300,0.5,0.01,0.1,0.065667,200,451.2680,8,0.02,0.5,11.21533,2200,159.0857,9,0.02,0.005,5.722000,1200,6.287000,5,0.005,0.1,0.,1000,0,0,0,0,177.9367,3.613333
NITR8_0002.csv:A24045,91.38132,0.5,0.01,0.1,0.003667,200,511.2870,8,0.02,0.5,10.39833,2200,178.8563,9,0.02,0.005,5.774333,1200,2.438667,5,0.005,0.1,0.,1000,0,0,0,0,150.7367,3.063333
NITR8_0003.csv:A24045,105.1397,0.5,0.01,0.1,0.002000,200,571.1127,8,0.02,0.5,10.21833,2200,169.8747,9,0.02,0.005,5.358667,1200,4.783000,5,0.005,0.1,0.,1000,0,0,0,0,145.4333,2.950000
NITR8_0004.csv:A24045,91.65701,0.5,0.01,0.1,0.001000,200,641.9637,8,0.02,0.5,10.14767,2200,166.0367,9,0.02,0.005,5.381667,1200,4.299667,5,0.005,0.1,0.,1000,0,0,0,0,142.4900,2.890000
NITR8_0005.csv:A24045,47.64933,0.5,0.01,0.1,0.,200,724.8270,8,0.02,0.5,10.11233,2200,163.4480,9,0.02,0.005,5.390667,1200,3.922333,5,0.005,0.1,0.,1000,0,0,0,0,141.7867,2.876667
NITR8_0006.csv:A24045,15.01867,0.5,0.01,0.1,0.,200,786.3946,8,0.02,0.5,10.02633,2200,158.0753,9,0.02,0.005,5.275667,1200,3.977000,5,0.005,0.1,0.,1000,0,0,0,0,140.7100,2.856667
NITR8_0007.csv:A24045,8.392000,0.5,0.01,0.1,0.,200,820.2927,8,0.02,0.5,9.919333,2200,152.3080,9,0.02,0.005,5.172667,1200,3.824000,5,0.005,0.1,0.,1000,0,0,0,0,137.9933,2.803333
NITR8_0008.csv:A24045,7.885666,0.5,0.01,0.1,0.,200,845.2869,8,0.02,0.5,9.848332,2200,145.2393,9,0.02,0.005,5.115000,1200,3.597333,5,0.005,0.1,0.,1000,0,0,0,0,136.1267,2.763333
NITR8_0009.csv:A24045,8.298333,0.5,0.01,0.1,0.,200,866.0687,8,0.02,0.5,9.804000,2200,137.5863,9,0.02,0.005,5.080333,1200,3.427000,5,0.005,0.1,0.,1000,0,0,0,0,135.0000,2.743333
NITR8.csv:A24045,8.845667,0.5,0.01,0.1,0.,200,883.5457,8,0.02,0.5,9.775333,2200,130.1650,9,0.02,0.005,5.062666,1200,3.255000,5,0.005,0.1,0.,1000,0,0,0,0,134.2433,2.723333
PQUAL1.csv:A24045,1,0,0,1,0,1,0,1,0,0.008657,0.285708,0,0.000869,0.008657,0.500000,0.000286,0.013288
PQUAL2.csv:A24045,1,0,0,1,0,1,0,1,0,0.266081,0.500000,0,0.026608,0.266081,0.500000,0.008787,0.132960
PQUAL3.csv:A24045,1,0,0,1,0,1,0,1,0,0.015615,0.812445,0,0.001560,0.015615,0.500000,0.000812,0.001684
PQUAL4.csv:A24045,1,0,0,1,0,1,0,1,0,0.543109,2.825233,0,0.054315,0.543109,0.500000,0.002825,0.016865
PQUAL5.csv:A24045,1,0,0,1,0,1,0,1,0,0.003124,0.387800,0,0.000312,0.003124,0.500000,0.000388,0.000373
PQUAL6.csv:A24045,5
PSTEMP.csv:A24045,1,1,1,1,0,1,0,0,0,0,34.11,35.51,39.02,43.93,48.49,53.02,55.27,54.14,50.78,45.1,40.42,35.69,0.5,0.5,0.5,0.5,0.5,0.5,0.5,0.5,0.5,0.5,0.5,0.5,35.8,38.32,44.64,53.47,61.68,69.84,73.89,71.85,65.81,55.59,47.16,38.63,0.1,0.1,0.1,0.1,0.1,0.1,0.1,0.1,0.1,0.1,0.1,0.1,46.51,45.41,46.57,49.09,52.79,56.03,59.01,60.41,59.74,57.2,53.27,49.9,32,32,32,50
PWATER.csv:A24045,1,1,0,1,0,0,0,0,1,0.2833,8.000000,0.062803,566,0.005,0.016408,0.945247,40,35,2,2,0,0,0.300000,NA,0.960000,0.4,2.500000,0.499033,NA,0.08,0.08,0.08,0.13,0.2,0.2,0.2,0.2,0.2,0.13,0.08,0.08,NA,NA,NA,NA,NA,NA,NA,NA,NA,NA,NA,NA,NA,NA,NA,NA,NA,NA,NA,NA,NA,NA,NA,NA,0.4,0.4,0.4,0.524,0.7,0.7,0.7,0.7,0.7,0.524,0.4,0.4,NA,NA,0.6,NA,5,1,0
PWTGAS.csv:A24045,1,0,1,0,27.99,0,0,0,0,12.7,12.7,11.2,9.7,7.4,6.6,6.2,6.2,7.5,8.4,9.4,11.6,10,10,10,10,7.5,5.5,5,5,6.5,7.5,9,10,33,40,55,14.5,0,12.7,0,10,0
SEDMNT.csv:A24045,1,0,1,1,0.574231,2,0.076750,NA,1.068493,2.871153,2,0,4,0.95,0.95,0.95,0.95,0.95,0.95,0.95,0.95,0.95,0.95,0.95,0.95,0.4,0.4,0.4,0.4,0.4,0.4,0.4,0.4,0.4,0.4,0.4,0.4,0
SNOW.csv:A24045,1,38.37289199,27.99,0.575,1.3,1.04,0.12,32,0.13,0.5,0.03,0.03,0,0,0,0.15,100,30,1.04,0,0.9
