ATEMP.csv:A24045,0,20.4494
MSTLAY.csv:A24045,1,1,1
NITR1_0000.csv:A24045,0.4,13.23828486,83.80989144,60,74.97915329,82.83620188,72.17140257,73.79362467,1,1,100,1,1,1,0,0,1,1,0,0,-1,0,0,0,-1,0,0,0,0,0,0.8,0.2,1.07,1.05,1.05,1.07,1.07,1.07,1.05,1.07,na,na,0.005,0.001,0,10,0.005,na,na,0.005,0.001,0,10,0.005,na,na,0.0001,0.001,0.1,3,0.0001,na,na,0.0001,0.001,0.1,3,0.0001,10000,30000,0.00001,1.07,10000,30000,0.00001,1.07,10000,30000,0.00001,1.07,10000,30000,0.00001,1.07,na,na,na,na,na,na
NITR1_0001.csv:A24045,0.4,13.23828486,83.80989144,60,74.97915329,82.83620188,72.17140257,73.79362467,1,1,100,1,1,1,0,0,1,1,0,0,-1,0,0,0,-1,0,0,0,0,0,0.8,0.2,1.07,1.05,1.05,1.07,1.07,1.07,1.05,1.07,na,na,0.005000,0.000473,0.,10.00000,0.005000,na,na,0.005000,0.000473,0.,10.00000,0.005000,na,na,0.000100,0.001505,0.010000,1.401991,0.000100,na,na,0.000100,0.001505,0.010000,1.401991,0.000100,9567.648,50000.00,0.00001,1.07,10451.89,11261.60,0.00001,1.07,135.7143,1090.520,0.00001,1.07,135.7143,1090.520,0.00001,1.07,na,na,na,na,na,na
NITR1_0002.csv:A24045,0.4,13.23828486,83.80989144,60,74.97915329,82.83620188,72.17140257,73.79362467,1,1,100,1,1,1,0,0,1,1,0,0,-1,0,0,0,-1,0,0,0,0,0,0.8,0.2,1.07,1.05,1.05,1.07,1.07,1.07,1.05,1.07,na,na,0.005000,0.000318,0.,10.00000,0.005000,na,na,0.005000,0.000318,0.,10.00000,0.005000,na,na,0.000100,0.004260,0.003584,0.424150,0.000100,na,na,0.000100,0.004260,0.003584,0.424150,0.000100,5370.009,50000.00,0.00001,1.07,18621.95,4699.810,0.00001,1.07,26.85204,1087.100,0.00001,1.07,26.85204,1087.100,0.00001,1.07,na,na,na,na,na,na
NITR1_0003.csv:A24045,0.4,13.23828486,83.80989144,60,74.97915329,82.83620188,72.17140257,73.79362467,1,1,100,1,1,1,0,0,1,1,0,0,-1,0,0,0,-1,0,0,0,0,0,0.8,0.2,1.07,1.05,1.05,1.07,1.07,1.07,1.05,1.07,na,na,0.005000,0.000237,0.,10.00000,0.005000,na,na,0.005000,0.000237,0.,10.00000,0.005000,na,na,0.000100,0.004053,0.003314,0.981802,0.000100,na,na,0.000100,0.004053,0.003314,0.981802,0.000100,2368.402,50000.00,0.00001,1.07,42222.58,2501.620,0.00001,1.07,18.58545,1087.177,0.00001,1.07,18.58545,1087.177,0.00001,1.07,na,na,na,na,na,na
NITR1_0004.csv:A24045,0.4,13.23828486,83.80989144,60,74.97915329,82.83620188,72.17140257,73.79362467,1,1,100,1,1,1,0,0,1,1,0,0,-1,0,0,0,-1,0,0,0,0,0,0.8,0.2,1.07,1.05,1.05,1.07,1.07,1.07,1.05,1.07,na,na,0.005000,0.000187,0.,10.00000,0.005000,na,na,0.005000,0.000187,0.,10.00000,0.005000,na,na,0.000100,0.006810,0.001923,0.732042,0.000100,na,na,0.000100,0.006810,0.001923,0.732042,0.000100,886.8550,50000.00,0.00001,1.07,50000.00,1765.912,0.00001,1.07,18.17391,1087.177,0.00001,1.07,18.17391,1087.177,0.00001,1.07,na,na,na,na,na,na
NITR1_0005.csv:A24045,0.4,13.23828486,83.80989144,60,74.97915329,82.83620188,72.17140257,73.79362467,1,1,100,1,1,1,0,0,1,1,0,0,-1,0,0,0,-1,0,0,0,0,0,0.8,0.2,1.07,1.05,1.05,1.07,1.07,1.07,1.05,1.07,na,na,0.005000,0.000154,0.,10.00000,0.005000,na,na,0.005000,0.000154,0.,10.00000,0.005000,na,na,0.000100,0.011185,0.001114,0.662349,0.000100,na,na,0.000100,0.011185,0.001114,0.662349,0.000100,354.8533,50000.00,0.00001,1.07,50000.00,1520.121,0.00001,1.07,8.580682,1087.177,0.00001,1.07,8.580682,1087.177,0.00001,1.07,na,na,na,na,na,na
NITR1_0006.csv:A24045,0.4,13.23828486,83.80989144,60,74.97915329,82.83620188,72.17140257,73.79362467,1,1,100,1,1,1,0,0,1,1,0,0,-1,0,0,0,-1,0,0,0,0,0,0.8,0.2,1.07,1.05,1.05,1.07,1.07,1.07,1.05,1.07,na,na,0.005000,0.000131,0.,10.00000,0.005000,na,na,0.005000,0.000131,0.,10.00000,0.005000,na,na,0.000100,0.019380,0.000595,0.667264,0.000100,na,na,0.000100,0.019380,0.000595,0.667264,0.000100,232.2430,50000.00,0.00001,1.07,50000.00,1439.462,0.00001,1.07,5.626475,1087.177,0.00001,1.07,5.626475,1087.177,0.00001,1.07,na,na,na,na,na,na
NITR1_0007.csv:A24045,0.4,13.23828486,83.80989144,60,74.97915329,82.83620188,72.17140257,73.79362467,1,1,100,1,1,1,0,0,1,1,0,0,-1,0,0,0,-1,0,0,0,0,0,0.8,0.2,1.07,1.05,1.05,1.07,1.07,1.07,1.05,1.07,na,na,0.005000,0.000115,0.,10.00000,0.005000,na,na,0.005000,0.000115,0.,10.00000,0.005000,na,na,0.000100,0.043741,0.000243,0.523787,0.000100,na,na,0.000100,0.043741,0.000243,0.523787,0.000100,206.5397,50000.00,0.00001,1.07,50000.00,1414.300,0.00001,1.07,2.572103,1087.177,0.00001,1.07,2.572103,1087.177,0.00001,1.07,na,na,na,na,na,na
NITR1_0008.csv:A24045,0.4,13.23828486,83.80989144,60,74.97915329,82.83620188,72.17140257,73.79362467,1,1,100,1,1,1,0,0,1,1,0,0,-1,0,0,0,-1,0,0,0,0,0,0.8,0.2,1.07,1.05,1.05,1.07,1.07,1.07,1.05,1.07,na,na,0.005000,0.000104,0.,10.00000,0.005000,na,na,0.005000,0.000104,0.,10.00000,0.005000,na,na,0.000100,0.100000,0.000088,0.476528,0.000100,na,na,0.000100,0.100000,0.000088,0.476528,0.000100,196.6444,50000.00,0.00001,1.07,50000.00,1407.699,0.00001,1.07,1.093144,1087.177,0.00001,1.07,1.093144,1087.177,0.00001,1.07,na,na,na,na,na,na
NITR1_0009.csv:A24045,0.4,13.23828486,83.80989144,60,74.97915329,82.83620188,72.17140257,73.79362467,1,1,100,1,1,1,0,0,1,1,0,0,-1,0,0,0,-1,0,0,0,0,0,0.8,0.2,1.07,1.05,1.05,1.07,1.07,1.07,1.05,1.07,na,na,0.005000,0.000100,0.,10.00000,0.005000,na,na,0.005000,0.000100,0.,10.00000,0.005000,na,na,0.000100,0.100000,0.000028,0.425382,0.000100,na,na,0.000100,0.100000,0.000028,0.425382,0.000100,192.2861,50000.00,0.00001,1.07,50000.00,1407.288,0.00001,1.07,0.508312,1087.177,0.00001,1.07,0.508312,1087.177,0.00001,1.07,na,na,na,na,na,na
NITR1.csv:A24045,0.4,13.23828486,83.80989144,60,74.97915329,82.83620188,72.17140257,73.79362467,1,1,100,1,1,1,0,0,1,1,0,0,-1,0,0,0,-1,0,0,0,0,0,0.8,0.2,1.07,1.05,1.05,1.07,1.07,1.07,1.05,1.07,na,na,0.005000,0.000100,0.,10.00000,0.005000,na,na,0.005000,0.000100,0.,10.00000,0.005000,na,na,0.000100,0.100000,0.000010,0.532825,0.000100,na,na,0.000100,0.100000,0.000010,0.532825,0.000100,191.0199,49945.90,0.00001,1.07,50000.00,1408.812,0.00001,1.07,0.817656,1087.177,0.00001,1.07,0.817656,1087.177,0.00001,1.07,na,na,na,na,na,na
NITR2.csv:A24045,5000,1,1,1.5,1,1,1.2,0.7,0.5,1.2,0.3,0.5,1.1
NITR3.csv:A24045,na,na,na,na,na,na,na,na,na,na,na,na,na,na,na,na,na,na,na,na,na,na,na,na,na,na,na,na,na,na,na,na,na,na,na,na,na,na,na,na,na,na,na,na,na,na,na,na
NITR4.csv:A24045,0.05,0.05,0.05,0.05,1,1,1,12,31,na,na,na,na,na,na,na,na,200,2,0.01,0.04,0.09,0.115,0.135,0.145,0.15,0.14,0.095,0.05,0.025,0.005,0.01,0.01,0.01,0.01,0.01,0.01,0.01,0.01,0.01,0.01,0.01,0.01,0.56,0.56,0.65,0.65,0.65,0.65,0.6,0.55,0.5,0.45,0.56,0.56,0.43,0.43,0.34,0.34,0.34,0.34,0.39,0.44,0.49,0.54,0.43,0.43,0,0,0,0,0,0,0,0,0,0,0,0
NITR5.csv:A24045,40,10,10,2.5,40,10,10,2.5,40,10,10,2.5,40,10,10,2.5,5,7.5,7.5,10,12.5,15,15,15,15,15,12.5,10,2.5,2.5,5,7.5,10,10,10,10,10,7.5,5,2.5,1,1.2,1.4,1.4,1.8,2,2,2,2,1.6,1.4,1.2,0,0,0,0,0,0,0,0,0,0,0,0,1.25,1.875,1.875,2.5,3.125,3.75,3.75,3.75,3.75,3.75,3.125,2.5,0.625,0.625,1.25,1.875,2.5,2.5,2.5,2.5,2.5,1.875,1.25,0.625,0.25,0.3,0.35,0.35,0.45,0.5,0.5,0.5,0.5,0.4,0.35,0.3,0,0,0,0,0,0,0,0,0,0,0,0,0.05,0.05,0.05,0.1,0.1,0.1,0.15,0.15,0.1,0.1,0.1,0.05,0.05,0.05,0.05,0.05,0.05,0.1,0.1,0.1,0.1,0.05,0.05,0.05,0.02,0.02,0.02,0.04,0.04,0.05,0.05,0.05,0.04,0.04,0.04,0.02,0.05,0.05,0.05,0.1,0.1,0.1,0.15,0.15,0.1,0.1,0.1,0.05,0.1,0.1,0.1,0.1,0.1,0.2,0.2,0.2,0.2,0.1,0.1,0.1,0.1,0.1,0.1,0.1,0.1,0.1,0.1,0.1,0.1,0.1,0.1,0.1,0.01,0.01,0.01,0.01,0.02,0.02,0.02,0.02,0.02,0.01,0.01,0.01,0.05,0.05,0.05,0.05,0.05,0.1,0.1,0.1,0.1,0.05,0.05,0.05
NITR6.csv:A24045,0.01,0.01,0.01,0.01,0.01,0.01,0.01,0.01,0.01,0.01,0.01,0.01,0.01,0.01,0.01,0.01,0.01,0.01,0.01,0.01,0.01,0.01,0.01,0.01,0.01,0.01,0.01,0.01,0.01,0.01,0.01,0.01,0.01,0.01,0.01,0.01,0,0,0,0,0,0,0,0,0,0,0,0,0.1,0.1,0.1,0.1,0.1,0.1,0.1,0.1,0.1,0.1,0.1,0.1
NITR7.csv:A24045,0.3,0.3,0.3,0.4,0.5,0.6,0.6,0.6,0.6,0.5,0.4,0.3,0.3,0.3,0.3,0.4,0.5,0.6,0.6,0.6,0.6,0.5,0.4,0.3,0.3,0.3,0.3,0.4,0.5,0.6,0.6,0.6,0.6,0.5,0.4,0.3,0,0,0,0,0,0,0,0,0,0,0,0,0,0,0,0,0,0,0,0,0,0.003,0,0,0.003,0.003,0.003,0.003,0.003,0.003,0.003,0.003,0.003,0.003,0.003,0.003,0.014,0.014,0.014,0.014,0.014,0.014,0.014,0.014,0.014,0.014,0.014,0.014,0.1,0.1,0.1,0.1,0.1,0.1,0.1,0.1,0.1,0.1,0.1,0.1
NITR8_0000.csv:A24045,1,0.5,0.01,0.1,2,200,400,8,0.02,0.5,40,2200,100,9,0.02,0.005,25,1200,30,5,0.005,0.1,0,1000,0,0,0,0,250,20
NITR8_0001.csv:A24045,55.09567,0.5,0.01,0.1,0.055000,200,585.9930,8,0.02,0.5,14.90100,2200,141.3863,9,0.02,0.005,4.532333,1200,4.936333,5,0.005,0.1,0.,1000,0,0,0,0,159.2433,3.233334
NITR8_0002.csv:A24045,79.44400,0.5,0.01,0.1,0.002333,200,738.2680,8,0.02,0.5,14.06767,2200,143.2940,9,0.02,0.005,4.556667,1200,1.353333,5,0.005,0.1,0.,1000,0,0,0,0,124.3333,2.526667
NITR8_0003.csv:A24045,85.98966,0.5,0.01,0.1,0.,200,890.6479,8,0.02,0.5,13.78800,2200,85.24100,9,0.02,0.005,5.025000,1200,1.324667,5,0.005,0.1,0.,1000,0,0,0,0,122.6367,2.493333
NITR8_0004.csv:A24045,65.03967,0.5,0.01,0.1,0.,200,1048.481,8,0.02,0.5,13.62567,2200,64.67200,9,0.02,0.005,4.363333,1200,1.468000,5,0.005,0.1,0.,1000,0,0,0,0,112.5700,2.286667
NITR8_0005.csv:A24045,24.86667,0.5,0.01,0.1,0.,200,1206.646,8,0.02,0.5,13.51133,2200,39.80367,9,0.02,0.005,4.295666,1200,0.575333,5,0.005,0.1,0.,1000,0,0,0,0,110.2733,2.243333
NITR8_0006.csv:A24045,7.025333,0.5,0.01,0.1,0.,200,1329.920,8,0.02,0.5,13.41533,2200,20.74433,9,0.02,0.005,4.069334,1200,0.393667,5,0.005,0.1,0.,1000,0,0,0,0,106.2500,2.160000
NITR8_0007.csv:A24045,4.276333,0.5,0.01,0.1,0.,200,1425.705,8,0.02,0.5,13.33500,2200,10.87667,9,0.02,0.005,3.924667,1200,0.186333,5,0.005,0.1,0.,1000,0,0,0,0,102.3267,2.080000
NITR8_0008.csv:A24045,3.689000,0.5,0.01,0.1,0.,200,1508.324,8,0.02,0.5,13.27500,2200,4.589333,9,0.02,0.005,3.802333,1200,0.082667,5,0.005,0.1,0.,1000,0,0,0,0,99.55334,2.026667
NITR8_0009.csv:A24045,3.440667,0.5,0.01,0.1,0.,200,1580.148,8,0.02,0.5,13.23333,2200,1.916667,9,0.02,0.005,3.761000,1200,0.042667,5,0.005,0.1,0.,1000,0,0,0,0,97.63999,1.986667
NITR8.csv:A24045,3.301333,0.5,0.01,0.1,0.,200,1640.557,8,0.02,0.5,13.23300,2200,1.658000,9,0.02,0.005,3.816334,1200,0.074667,5,0.005,0.1,0.,1000,0,0,0,0,95.80334,1.946667
PQUAL1.csv:A24045,1,0,0,1,0,1,0,1,0,0.007124,0.235131,0,0.000715,0.007124,0.500000,0.000235,0.010113
PQUAL2.csv:A24045,1,0,0,1,0,1,0,1,0,0.160694,0.500000,0,0.016069,0.160694,0.500000,0.005307,0.101185
PQUAL3.csv:A24045,1,0,0,1,0,1,0,1,0,0.013427,0.698585,0,0.001341,0.013427,0.500000,0.000699,0.001282
PQUAL4.csv:A24045,1,0,0,1,0,1,0,1,0,0.366950,1.908859,0,0.036698,0.366950,0.500000,0.001909,0.012836
PQUAL5.csv:A24045,1,0,0,1,0,1,0,1,0,0.002849,0.353676,0,0.000285,0.002849,0.500000,0.000354,0.000284
PQUAL6.csv:A24045,5
PSTEMP.csv:A24045,1,1,1,1,0,1,0,0,0,0,34.11,35.51,39.02,43.93,48.49,53.02,55.27,54.14,50.78,45.1,40.42,35.69,0.5,0.5,0.5,0.5,0.5,0.5,0.5,0.5,0.5,0.5,0.5,0.5,35.8,38.32,44.64,53.47,61.68,69.84,73.89,71.85,65.81,55.59,47.16,38.63,0.1,0.1,0.1,0.1,0.1,0.1,0.1,0.1,0.1,0.1,0.1,0.1,46.51,45.41,46.57,49.09,52.79,56.03,59.01,60.41,59.74,57.2,53.27,49.9,32,32,32,50
PWATER.csv:A24045,1,1,0,1,0,0,0,0,1,0,8.000000,0.062803,591,0.004,0.016408,0.945247,40,35,2,2,0,0,0.300000,NA,0.960000,0.4,2.500000,0.499033,NA,0.08,0.08,0.08,0.13,0.2,0.2,0.2,0.2,0.2,0.13,0.08,0.08,NA,NA,NA,NA,NA,NA,NA,NA,NA,NA,NA,NA,NA,NA,NA,NA,NA,NA,NA,NA,NA,NA,NA,NA,0.4,0.4,0.4,0.524,0.7,0.7,0.7,0.7,0.7,0.524,0.4,0.4,NA,NA,0.6,NA,5,1,0
PWTGAS.csv:A24045,1,0,1,0,28.43,0,0,0,0,12.7,12.7,11.2,9.7,7.4,6.6,6.2,6.2,7.5,8.4,9.4,11.6,10,10,10,10,7.5,5.5,5,5,6.5,7.5,9,10,33,40,55,14.5,0,12.7,0,10,0
SEDMNT.csv:A24045,1,0,1,1,0.366408,2,0.076750,NA,1.068493,1.832041,2,0,4,0.95,0.95,0.95,0.95,0.95,0.95,0.95,0.95,0.95,0.95,0.95,0.95,0.4,0.4,0.4,0.4,0.4,0.4,0.4,0.4,0.4,0.4,0.4,0.4,0
SNOW.csv:A24045,1,38.37522312,28.43,0.225,1.3,1.04,0.12,32,0.13,0.5,0.03,0.03,0,0,0,0.15,100,30,1.04,0,0.9
