< NITR1.csv:A24045,0.4,13.23828486,83.80989144,60,74.97915329,82.83620188,72.17140257,73.79362467,1,1,100,1,1,1,0,0,1,1,0,0,-1,0,0,0,-1,0,0,0,0,0,0.8,0.2,1.07,1.05,1.05,1.07,1.07,1.07,1.05,1.07,na,na,0.005000,0.000257,0.,10.00000,0.005000,na,na,0.005000,0.000257,0.,10.00000,0.005000,na,na,0.000100,0.002105,0.005647,0.663920,0.000100,na,na,0.000100,0.002105,0.005647,0.663920,0.000100,355.6862,50000.00,0.00001,1.07,41475.95,800.5775,0.00001,1.07,28.37325,827.7579,0.00001,1.07,28.37325,827.7579,0.00001,1.07,na,na,na,na,na,na
---
> NITR1.csv:A24045,0.4,13.23828486,83.80989144,60,74.97915329,82.83620188,72.17140257,73.79362467,1,1,100,1,1,1,0,0,1,1,0,0,-1,0,0,0,-1,0,0,0,0,0,0.8,0.2,1.07,1.05,1.05,1.07,1.07,1.07,1.05,1.07,na,na,0.005000,0.000100,0.,10.00000,0.005000,na,na,0.005000,0.000100,0.,10.00000,0.005000,na,na,0.000100,0.100000,0.000010,0.532825,0.000100,na,na,0.000100,0.100000,0.000010,0.532825,0.000100,191.0199,49945.90,0.00001,1.07,50000.00,1408.812,0.00001,1.07,0.817656,1087.177,0.00001,1.07,0.817656,1087.177,0.00001,1.07,na,na,na,na,na,na
21,35c21,35
< NITR8.csv:A24045,8.845667,0.5,0.01,0.1,0.,200,883.5457,8,0.02,0.5,9.775333,2200,130.1650,9,0.02,0.005,5.062666,1200,3.255000,5,0.005,0.1,0.,1000,0,0,0,0,134.2433,2.723333
< PQUAL1.csv:A24045,1,0,0,1,0,1,0,1,0,0.008657,0.285708,0,0.000869,0.008657,0.500000,0.000286,0.013288
< PQUAL2.csv:A24045,1,0,0,1,0,1,0,1,0,0.266081,0.500000,0,0.026608,0.266081,0.500000,0.008787,0.132960
< PQUAL3.csv:A24045,1,0,0,1,0,1,0,1,0,0.015615,0.812445,0,0.001560,0.015615,0.500000,0.000812,0.001684
< PQUAL4.csv:A24045,1,0,0,1,0,1,0,1,0,0.543109,2.825233,0,0.054315,0.543109,0.500000,0.002825,0.016865
< PQUAL5.csv:A24045,1,0,0,1,0,1,0,1,0,0.003124,0.387800,0,0.000312,0.003124,0.500000,0.000388,0.000373
---
> NITR8.csv:A24045,3.301333,0.5,0.01,0.1,0.,200,1640.557,8,0.02,0.5,13.23300,2200,1.658000,9,0.02,0.005,3.816334,1200,0.074667,5,0.005,0.1,0.,1000,0,0,0,0,95.80334,1.946667
> PQUAL1.csv:A24045,1,0,0,1,0,1,0,1,0,0.007124,0.235131,0,0.000715,0.007124,0.500000,0.000235,0.010113
> PQUAL2.csv:A24045,1,0,0,1,0,1,0,1,0,0.160694,0.500000,0,0.016069,0.160694,0.500000,0.005307,0.101185
> PQUAL3.csv:A24045,1,0,0,1,0,1,0,1,0,0.013427,0.698585,0,0.001341,0.013427,0.500000,0.000699,0.001282
> PQUAL4.csv:A24045,1,0,0,1,0,1,0,1,0,0.366950,1.908859,0,0.036698,0.366950,0.500000,0.001909,0.012836
> PQUAL5.csv:A24045,1,0,0,1,0,1,0,1,0,0.002849,0.353676,0,0.000285,0.002849,0.500000,0.000354,0.000284
38,41c38,41
< PWATER.csv:A24045,1,1,0,1,0,0,0,0,1,0.2833,8.000000,0.062803,566,0.005,0.016408,0.945247,40,35,2,2,0,0,0.300000,NA,0.960000,0.4,2.500000,0.499033,NA,0.08,0.08,0.08,0.13,0.2,0.2,0.2,0.2,0.2,0.13,0.08,0.08,NA,NA,NA,NA,NA,NA,NA,NA,NA,NA,NA,NA,NA,NA,NA,NA,NA,NA,NA,NA,NA,NA,NA,NA,0.4,0.4,0.4,0.524,0.7,0.7,0.7,0.7,0.7,0.524,0.4,0.4,NA,NA,0.6,NA,5,1,0
< PWTGAS.csv:A24045,1,0,1,0,27.99,0,0,0,0,12.7,12.7,11.2,9.7,7.4,6.6,6.2,6.2,7.5,8.4,9.4,11.6,10,10,10,10,7.5,5.5,5,5,6.5,7.5,9,10,33,40,55,14.5,0,12.7,0,10,0
< SEDMNT.csv:A24045,1,0,1,1,0.574231,2,0.076750,NA,1.068493,2.871153,2,0,4,0.95,0.95,0.95,0.95,0.95,0.95,0.95,0.95,0.95,0.95,0.95,0.95,0.4,0.4,0.4,0.4,0.4,0.4,0.4,0.4,0.4,0.4,0.4,0.4,0
< SNOW.csv:A24045,1,38.37289199,27.99,0.575,1.3,1.04,0.12,32,0.13,0.5,0.03,0.03,0,0,0,0.15,100,30,1.04,0,0.9
---
> PWATER.csv:A24045,1,1,0,1,0,0,0,0,1,0,8.000000,0.062803,591,0.004,0.016408,0.945247,40,35,2,2,0,0,0.300000,NA,0.960000,0.4,2.500000,0.499033,NA,0.08,0.08,0.08,0.13,0.2,0.2,0.2,0.2,0.2,0.13,0.08,0.08,NA,NA,NA,NA,NA,NA,NA,NA,NA,NA,NA,NA,NA,NA,NA,NA,NA,NA,NA,NA,NA,NA,NA,NA,0.4,0.4,0.4,0.524,0.7,0.7,0.7,0.7,0.7,0.524,0.4,0.4,NA,NA,0.6,NA,5,1,0
> PWTGAS.csv:A24045,1,0,1,0,28.43,0,0,0,0,12.7,12.7,11.2,9.7,7.4,6.6,6.2,6.2,7.5,8.4,9.4,11.6,10,10,10,10,7.5,5.5,5,5,6.5,7.5,9,10,33,40,55,14.5,0,12.7,0,10,0
> SEDMNT.csv:A24045,1,0,1,1,0.366408,2,0.076750,NA,1.068493,1.832041,2,0,4,0.95,0.95,0.95,0.95,0.95,0.95,0.95,0.95,0.95,0.95,0.95,0.95,0.4,0.4,0.4,0.4,0.4,0.4,0.4,0.4,0.4,0.4,0.4,0.4,0
> SNOW.csv:A24045,1,38.37522312,28.43,0.225,1.3,1.04,0.12,32,0.13,0.5,0.03,0.03,0,0,0,0.15,100,30,1.04,0,0.9
