FTABLE    6030
 ROWS COLS ***
   16    4
     DEPTH      AREA    VOLUME     DISCH  FLO-THRU ***
      (FT)   (ACRES)   (AC-FT)     (CFS)     (MIN) ***
      .000      .000     .0000      .000       0.0
     1.266   325.229    401.17    221.09    1317.4
     2.532   341.837    823.37    974.25     613.6
     3.797   358.445   1266.59   2320.76     396.2
     5.063   375.053   1730.83   4094.42     306.9
     6.329   391.661   2216.10   5844.57     275.3
     7.595   408.269   2722.39   7606.73     259.8
    10.127   441.485   3798.04  11968.43     230.4
    12.658   474.701   4957.78  16582.69     217.1
    15.190   507.917   6201.61  21568.24     208.7
    20.253   743.805  10903.77  31661.52
    25.317  1055.039  18077.32  40870.55
    30.38   1462.526  28699.92  47791.90
    35.443  1992.675  44083.03  52640.14
    40.507  2678.694  65972.92  55674.18
    45.57   3562.073  96672.18  57160.17
  END FTABLE
