 UZSN1   0.381060869  0.317550749  0.444571018  0.444571018  0.444571018
  0.381060869  0.381060869  0.381060869  0.317550749  0.222285509  0.222285509
  0.444571018  0.444571018  0.444571018  0.381060869  0.381060869  0.317550749
  0.317550749  0.317550749  0.317550749  0.254040569  0.254040569  0.254040569
  0.254040569  0.254040569  0.  0.  0.  0.  0.  0.
 uzsn2   0.444339186  0.37028265  0.518395722  0.518395722  0.518395722
  0.444339186  0.444339186  0.444339186  0.37028265  0.259197861  0.259197861
  0.518395722  0.518395722  0.518395722  0.444339186  0.444339186  0.37028265
  0.37028265  0.37028265  0.37028265  0.296226114  0.296226114  0.296226114
  0.296226114  0.296226114  0.  0.  0.  0.  0.  0.


 UZSN 1   0.444571018  0.370475888  0.518666208  0.518666208  0.518666208
  0.444571018  0.444571018  0.444571018  0.370475888  0.259333104  0.259333104
  0.518666208  0.518666208  0.518666208  0.444571018  0.444571018  0.370475888
  0.370475888  0.370475888  0.370475888  0.296380699  0.296380699  0.296380699
  0.296380699  0.296380699  0.  0.  0.  0.  0.  0.
 UZSN 2   0.518395722  0.431996435  0.604794979  0.604794979  0.604794979
  0.518395722  0.518395722  0.518395722  0.431996435  0.30239749  0.30239749
  0.604794979  0.604794979  0.604794979  0.518395722  0.518395722  0.431996435
  0.431996435  0.431996435  0.431996435  0.345597148  0.345597148  0.345597148
  0.345597148  0.345597148  0.  0.  0.  0.  0.  0.



 UZSN 1   0.444571018  0.370475888  0.518666208  0.518666208  0.518666208
  0.444571018  0.444571018  0.444571018  0.370475888  0.259333104  0.259333104
  0.518666208  0.518666208  0.518666208  0.444571018  0.444571018  0.370475888
  0.370475888  0.370475888  0.370475888  0.296380699  0.296380699  0.296380699
  0.296380699  0.296380699  0.  0.  0.  0.  0.  0.
 UZSN 2   0.518395722  0.431996435  0.604794979  0.604794979  0.604794979
  0.518395722  0.518395722  0.518395722  0.431996435  0.30239749  0.30239749
  0.604794979  0.604794979  0.604794979  0.518395722  0.518395722  0.431996435
  0.431996435  0.431996435  0.431996435  0.345597148  0.345597148  0.345597148
  0.345597148  0.345597148  0.  0.  0.  0.  0.  0.


 UZSN 1   0.51839602  0.431996405  0.604794919  0.604794919  0.604794919
  0.518395662  0.518395662  0.518395662  0.431996405  0.30239746  0.30239746
  0.604794919  0.604794919  0.604794919  0.518395662  0.518395662  0.431996405
  0.431996405  0.431996405  0.431996405  0.345597118  0.345597118  0.345597118
  0.345597118  0.345597118  0.  0.  0.  0.  0.  0.
 UZSN 2   0.604479969  0.503733337  0.70522666  0.70522666  0.70522666
  0.604479969  0.604479969  0.604479969  0.503733337  0.35261333  0.35261333
  0.70522666  0.70522666  0.70522666  0.604479969  0.604479969  0.503733337
  0.503733337  0.503733337  0.503733337  0.402986646  0.402986646  0.402986646
  0.402986646  0.402986646  0.  0.  0.  0.  0.  0.


 forest is not monthly
 UZSN 1   0.604480028  0.503733337  0.70522666  0.70522666  0.70522666
  0.604479969  0.604479969  0.604479969  0.503733337  0.35261333  0.35261333
  0.70522666  0.70522666  0.70522666  0.604479969  0.604479969  0.503733337
  0.503733337  0.503733337  0.503733337  0.402986646  0.402986646  0.402986646
  0.402986646  0.402986646  0.  0.  0.  0.  0.  0.
 UZSN 2   0.704858959  0.587382495  0.822335482  0.822335482  0.822335482
  0.704858959  0.704858959  0.704858959  0.587382495  0.411167741  0.411167741
  0.822335482  0.822335482  0.822335482  0.704858959  0.704858959  0.587382495
  0.587382495  0.587382495  0.587382495  0.469905972  0.469905972  0.469905972
  0.469905972  0.469905972  0.  0.  0.  0.  0.  0.






../../../output/river/summary/CalibDevelA_sum_stats_0000.csv:JU2_7140_7330,   0.238,   0.806,   2.036,   0.229,   1.588,   0.464,   0.003,   0.605,   1.229,   1.060,  -0.493,  -0.580,   1.066,   1.050,   4.967,   5.239,
../../../output/river/summary/CalibDevelA_sum_stats_0001.csv:JU2_7140_7330,   0.178,   0.912,   1.616,   0.319,   1.519,   0.504,   0.351,   0.747,   1.373,   1.016,  -0.565,  -0.642,   1.032,   1.001,   2.425,   2.306,
../../../output/river/summary/CalibDevelA_sum_stats_0002.csv:JU2_7140_7330,   0.167,   0.942,   1.507,   0.397,   1.460,   0.591,   0.433,   0.787,   1.313,   1.013,  -0.463,  -0.529,   1.029,   0.998,   2.056,   1.960,
../../../output/river/summary/CalibDevelA_sum_stats_0003.csv:JU2_7140_7330,   0.166,   0.970,   1.412,   0.486,   1.392,   0.643,   0.498,   0.809,   1.265,   1.013,  -0.374,  -0.419,   1.030,   0.998,   1.737,   1.657,
../../../output/river/summary/CalibDevelA_sum_stats_0004.csv:JU2_7140_7330,   0.165,   0.996,   1.332,   0.581,   1.320,   0.679,   0.552,   0.821,   1.182,   1.012,  -0.254,  -0.294,   1.030,   0.998,   1.441,   1.365,
../../../output/river/summary/CalibDevelA_sum_stats_0005.csv:JU2_7140_7330,   0.165,   1.017,   1.267,   0.676,   1.247,   0.692,   0.593,   0.825,   1.117,   1.011,  -0.163,  -0.200,   1.028,   0.997,   1.178,   1.096,
../../../output/river/summary/CalibDevelA_sum_stats_0006.csv:JU2_7140_7330,   0.165,   1.031,   1.221,   0.752,   1.189,   0.688,   0.620,   0.826,   1.107,   1.010,  -0.096,  -0.147,   1.026,   0.996,   0.981,   0.893,
../../../output/river/summary/CalibDevelA_sum_stats_0007.csv:JU2_7140_7330,   0.165,   1.031,   1.221,   0.752,   1.189,   0.688,   0.620,   0.826,   1.107,   1.010,  -0.096,  -0.147,   1.026,   0.996,   0.981,   0.893,
../../../output/river/summary/CalibDevelA_sum_stats_0008.csv:JU2_7140_7330,   0.165,   1.031,   1.221,   0.752,   1.189,   0.688,   0.620,   0.826,   1.107,   1.010,  -0.096,  -0.147,   1.026,   0.996,   0.981,   0.893,
../../../output/river/summary/CalibDevelA_sum_stats_0009.csv:JU2_7140_7330,   0.165,   1.031,   1.221,   0.752,   1.189,   0.688,   0.620,   0.826,   1.107,   1.010,  -0.096,  -0.147,   1.026,   0.996,   0.981,   0.893,
../../../output/river/summary/CalibDevelA_sum_stats_0010.csv:JU2_7140_7330,   0.165,   1.031,   1.221,   0.752,   1.189,   0.688,   0.620,   0.826,   1.107,   1.010,  -0.096,  -0.147,   1.026,   0.996,   0.981,   0.893,
../../../output/river/summary/CalibDevelA_sum_stats_0011.csv:JU2_7140_7330,   0.165,   1.031,   1.221,   0.752,   1.189,   0.688,   0.620,   0.826,   1.107,   1.010,  -0.096,  -0.147,   1.026,   0.996,   0.981,   0.893,
../../../output/river/summary/CalibDevelA_sum_stats_0012.csv:JU2_7140_7330,   0.165,   1.031,   1.221,   0.752,   1.189,   0.688,   0.620,   0.826,   1.107,   1.010,  -0.096,  -0.147,   1.026,   0.996,   0.981,   0.893,
../../../output/river/summary/CalibDevelA_sum_stats_0013.csv:JU2_7140_7330,   0.165,   1.031,   1.221,   0.752,   1.189,   0.688,   0.620,   0.826,   1.107,   1.010,  -0.096,  -0.147,   1.026,   0.996,   0.981,   0.893,
../../../output/river/summary/CalibDevelA_sum_stats_0014.csv:JU2_7140_7330,   0.165,   1.031,   1.221,   0.752,   1.189,   0.688,   0.620,   0.826,   1.107,   1.010,  -0.096,  -0.147,   1.026,   0.996,   0.981,   0.893,
../../../output/river/summary/CalibDevelA_sum_stats.csv:JU2_7140_7330,   0.165,   1.031,   1.221,   0.752,   1.189,   0.688,   0.620,   0.826,   1.107,   1.010,  -0.096,  -0.147,   1.026,   0.996,   0.981,   0.893, 


../../../output/river/summary/CalibDevelA_sum_stats_0000.csv:JU2_7140_7330,   0.238,   0.806,   2.036,   0.229,   1.588,   0.464,   0.003,   0.605,   1.229,   1.060,  -0.493,  -0.580,   1.066,   1.050,   4.967,   5.239,
../../../output/river/summary/CalibDevelA_sum_stats_0001.csv:JU2_7140_7330,   0.238,   0.806,   2.036,   0.229,   1.588,   0.464,   0.003,   0.605,   1.229,   1.060,  -0.493,  -0.580,   1.066,   1.050,   4.967,   5.239,
../../../output/river/summary/CalibDevelA_sum_stats_0002.csv:JU2_7140_7330,   0.178,   0.950,   1.464,   0.348,   1.497,   0.530,   0.346,   0.770,   1.351,   1.003,  -0.535,  -0.611,   1.031,   0.973,   1.569,   1.287,
../../../output/river/summary/CalibDevelA_sum_stats_0003.csv:JU2_7140_7330,   0.168,   0.997,   1.290,   0.444,   1.424,   0.620,   0.390,   0.809,   1.324,   0.993,  -0.420,  -0.469,   1.029,   0.952,   0.950,   0.699,
../../../output/river/summary/CalibDevelA_sum_stats_0004.csv:JU2_7140_7330,   0.166,   1.035,   1.171,   0.546,   1.346,   0.669,   0.420,   0.823,   1.223,   0.992,  -0.318,  -0.355,   1.031,   0.948,   0.528,   0.302,
../../../output/river/summary/CalibDevelA_sum_stats_0005.csv:JU2_7140_7330,   0.165,   1.057,   1.098,   0.642,   1.273,   0.695,   0.443,   0.829,   1.183,   0.993,  -0.216,  -0.250,   1.034,   0.948,   0.262,   0.051,
../../../output/river/summary/CalibDevelA_sum_stats_0006.csv:JU2_7140_7330,   0.166,   1.068,   1.064,   0.725,   1.210,   0.700,   0.466,   0.832,   1.138,   0.996,  -0.138,  -0.188,   1.035,   0.951,   0.109,  -0.083,
../../../output/river/summary/CalibDevelA_sum_stats_0007.csv:JU2_7140_7330,   0.166,   1.076,   1.036,   0.801,   1.152,   0.692,   0.474,   0.832,   1.108,   0.996,  -0.064,  -0.114,   1.034,   0.950,  -0.013,  -0.187,
../../../output/river/summary/CalibDevelA_sum_stats_0008.csv:JU2_7140_7330,   0.166,   1.077,   1.034,   0.827,   1.132,   0.686,   0.483,   0.834,   1.092,   0.997,  -0.088,  -0.134,   1.034,   0.953,  -0.053,  -0.219,
../../../output/river/summary/CalibDevelA_sum_stats_0009.csv:JU2_7140_7330,   0.166,   1.073,   1.042,   0.829,   1.130,   0.686,   0.493,   0.836,   1.091,   1.000,  -0.088,  -0.134,   1.036,   0.957,  -0.055,  -0.217,
../../../output/river/summary/CalibDevelA_sum_stats_0010.csv:JU2_7140_7330,   0.166,   1.073,   1.042,   0.829,   1.130,   0.686,   0.493,   0.836,   1.091,   1.000,  -0.088,  -0.134,   1.036,   0.957,  -0.055,  -0.217,
../../../output/river/summary/CalibDevelA_sum_stats_0011.csv:JU2_7140_7330,   0.166,   1.073,   1.042,   0.829,   1.130,   0.686,   0.493,   0.836,   1.091,   1.000,  -0.088,  -0.134,   1.036,   0.957,  -0.055,  -0.217,
../../../output/river/summary/CalibDevelA_sum_stats_0012.csv:JU2_7140_7330,   0.166,   1.073,   1.042,   0.829,   1.130,   0.686,   0.493,   0.836,   1.091,   1.000,  -0.088,  -0.134,   1.036,   0.957,  -0.055,  -0.217,
../../../output/river/summary/CalibDevelA_sum_stats.csv:JU2_7140_7330,   0.166,   1.073,   1.042,   0.829,   1.130,   0.686,   0.493,   0.836,   1.091,   1.000,  -0.088,  -0.134,   1.036,   0.957,  -0.055,  -0.217, 

../../../output/river/summary/CalibDevelA_sum_stats_0000.csv:JU2_7140_7330,   0.238,   0.806,   2.036,   0.229,   1.588,   0.464,   0.003,   0.605,   1.229,   1.060,  -0.493,  -0.580,   1.066,   1.050,   4.967,   5.239,
../../../output/river/summary/CalibDevelA_sum_stats_0001.csv:JU2_7140_7330,   0.196,   0.984,   1.391,   0.439,   1.427,   0.604,   0.376,   0.777,   1.346,   0.999,  -0.433,  -0.461,   1.029,   0.964,   1.206,   0.931,
../../../output/river/summary/CalibDevelA_sum_stats_0002.csv:JU2_7140_7330,   0.181,   1.019,   1.257,   0.535,   1.354,   0.657,   0.402,   0.791,   1.261,   0.991,  -0.298,  -0.313,   1.029,   0.950,   0.736,   0.490,
../../../output/river/summary/CalibDevelA_sum_stats_0003.csv:JU2_7140_7330,   0.178,   1.043,   1.161,   0.633,   1.280,   0.682,   0.422,   0.797,   1.228,   0.992,  -0.242,  -0.223,   1.031,   0.947,   0.424,   0.197,
../../../output/river/summary/CalibDevelA_sum_stats_0004.csv:JU2_7140_7330,   0.175,   1.060,   1.089,   0.711,   1.220,   0.690,   0.436,   0.801,   1.163,   0.992,  -0.164,  -0.173,   1.033,   0.946,   0.199,  -0.015,
../../../output/river/summary/CalibDevelA_sum_stats_0005.csv:JU2_7140_7330,   0.173,   1.065,   1.064,   0.773,   1.173,   0.689,   0.469,   0.809,   1.122,   0.997,  -0.104,  -0.136,   1.035,   0.952,   0.081,  -0.111,
../../../output/river/summary/CalibDevelA_sum_stats_0006.csv:JU2_7140_7330,   0.171,   1.072,   1.040,   0.831,   1.129,   0.682,   0.480,   0.813,   1.122,   0.998,  -0.097,  -0.136,   1.034,   0.955,  -0.011,  -0.187,
../../../output/river/summary/CalibDevelA_sum_stats_0007.csv:JU2_7140_7330,   0.170,   1.077,   1.022,   0.875,   1.095,   0.671,   0.485,   0.817,   1.101,   0.998,  -0.053,  -0.091,   1.034,   0.954,  -0.084,  -0.246,
../../../output/river/summary/CalibDevelA_sum_stats_0008.csv:JU2_7140_7330,   0.168,   1.075,   1.029,   0.862,   1.105,   0.676,   0.497,   0.826,   1.090,   1.001,  -0.064,  -0.100,   1.036,   0.959,  -0.080,  -0.239,
../../../output/river/summary/CalibDevelA_sum_stats_0009.csv:JU2_7140_7330,   0.166,   1.074,   1.037,   0.841,   1.121,   0.682,   0.498,   0.832,   1.087,   1.001,  -0.078,  -0.117,   1.036,   0.959,  -0.067,  -0.226,
../../../output/river/summary/CalibDevelA_sum_stats_0010.csv:JU2_7140_7330,   0.164,   1.071,   1.049,   0.824,   1.134,   0.686,   0.499,   0.838,   1.094,   1.001,  -0.092,  -0.139,   1.036,   0.959,  -0.053,  -0.214,
../../../output/river/summary/CalibDevelA_sum_stats_0011.csv:JU2_7140_7330,   0.163,   1.069,   1.055,   0.816,   1.140,   0.688,   0.498,   0.841,   1.086,   1.001,  -0.100,  -0.149,   1.036,   0.959,  -0.043,  -0.207,
../../../output/river/summary/CalibDevelA_sum_stats_0012.csv:JU2_7140_7330,   0.163,   1.071,   1.052,   0.815,   1.141,   0.688,   0.494,   0.840,   1.086,   1.000,  -0.101,  -0.149,   1.036,   0.958,  -0.043,  -0.208,
../../../output/river/summary/CalibDevelA_sum_stats_0013.csv:JU2_7140_7330,   0.163,   1.071,   1.052,   0.815,   1.141,   0.688,   0.494,   0.840,   1.086,   1.000,  -0.101,  -0.149,   1.036,   0.958,  -0.043,  -0.208,
../../../output/river/summary/CalibDevelA_sum_stats_0014.csv:JU2_7140_7330,   0.163,   1.071,   1.052,   0.815,   1.141,   0.688,   0.494,   0.840,   1.086,   1.000,  -0.101,  -0.149,   1.036,   0.958,  -0.043,  -0.208,
../../../output/river/summary/CalibDevelA_sum_stats.csv:JU2_7140_7330,   0.163,   1.071,   1.052,   0.815,   1.141,   0.688,   0.494,   0.840,   1.086,   1.000,  -0.101,  -0.149,   1.036,   0.958,  -0.043,  -0.208,
